(kicad_pcb (version 20171130) (host pcbnew "(5.1.5)-3")

  (general
    (thickness 1.6)
    (drawings 1)
    (tracks 306)
    (zones 0)
    (modules 46)
    (nets 35)
  )

  (page A4)
  (layers
    (0 F.Cu signal)
    (31 B.Cu signal)
    (32 B.Adhes user)
    (33 F.Adhes user)
    (34 B.Paste user)
    (35 F.Paste user)
    (36 B.SilkS user)
    (37 F.SilkS user)
    (38 B.Mask user)
    (39 F.Mask user)
    (40 Dwgs.User user)
    (41 Cmts.User user)
    (42 Eco1.User user)
    (43 Eco2.User user)
    (44 Edge.Cuts user)
    (45 Margin user)
    (46 B.CrtYd user)
    (47 F.CrtYd user)
    (48 B.Fab user)
    (49 F.Fab user)
  )

  (setup
    (last_trace_width 0.25)
    (user_trace_width 0.175)
    (user_trace_width 0.2)
    (trace_clearance 0.2)
    (zone_clearance 0.508)
    (zone_45_only no)
    (trace_min 0.1)
    (via_size 0.8)
    (via_drill 0.4)
    (via_min_size 0.4)
    (via_min_drill 0.3)
    (uvia_size 0.3)
    (uvia_drill 0.1)
    (uvias_allowed no)
    (uvia_min_size 0.2)
    (uvia_min_drill 0.1)
    (edge_width 0.05)
    (segment_width 0.2)
    (pcb_text_width 0.3)
    (pcb_text_size 1.5 1.5)
    (mod_edge_width 0.12)
    (mod_text_size 1 1)
    (mod_text_width 0.15)
    (pad_size 1.524 1.524)
    (pad_drill 0.762)
    (pad_to_mask_clearance 0.051)
    (solder_mask_min_width 0.25)
    (aux_axis_origin 0 0)
    (visible_elements 7FFFFFFF)
    (pcbplotparams
      (layerselection 0x010fc_ffffffff)
      (usegerberextensions false)
      (usegerberattributes false)
      (usegerberadvancedattributes false)
      (creategerberjobfile false)
      (excludeedgelayer true)
      (linewidth 0.100000)
      (plotframeref false)
      (viasonmask false)
      (mode 1)
      (useauxorigin false)
      (hpglpennumber 1)
      (hpglpenspeed 20)
      (hpglpendiameter 15.000000)
      (psnegative false)
      (psa4output false)
      (plotreference true)
      (plotvalue true)
      (plotinvisibletext false)
      (padsonsilk false)
      (subtractmaskfromsilk false)
      (outputformat 1)
      (mirror false)
      (drillshape 1)
      (scaleselection 1)
      (outputdirectory ""))
  )

  (net 0 "")
  (net 1 "Net-(C1-Pad1)")
  (net 2 GND)
  (net 3 "Net-(C2-Pad1)")
  (net 4 +3V3)
  (net 5 VCC)
  (net 6 /D-)
  (net 7 /D+)
  (net 8 "Net-(J1-PadB5)")
  (net 9 "Net-(J1-PadA5)")
  (net 10 VBUS)
  (net 11 /SDA)
  (net 12 /SCL)
  (net 13 "Net-(C7-Pad1)")
  (net 14 "Net-(D37-Pad1)")
  (net 15 "Net-(R7-Pad1)")
  (net 16 "Net-(R8-Pad2)")
  (net 17 /BUTTON1)
  (net 18 /BUTTON2)
  (net 19 /BUTTON3)
  (net 20 /BUTTON4)
  (net 21 /BUTTON5)
  (net 22 /BUTTON6)
  (net 23 /QSPI_CS)
  (net 24 /QSPI_D1)
  (net 25 /QSPI_D2)
  (net 26 /QSPI_D0)
  (net 27 /QSPI_SCK)
  (net 28 /QSPI_D3)
  (net 29 /SWD)
  (net 30 /SWC)
  (net 31 /SWO)
  (net 32 /RESET)
  (net 33 "Net-(C11-Pad1)")
  (net 34 "Net-(C12-Pad1)")

  (net_class Default "This is the default net class."
    (clearance 0.2)
    (trace_width 0.25)
    (via_dia 0.8)
    (via_drill 0.4)
    (uvia_dia 0.3)
    (uvia_drill 0.1)
    (add_net +3V3)
    (add_net /BUTTON1)
    (add_net /BUTTON2)
    (add_net /BUTTON3)
    (add_net /BUTTON4)
    (add_net /BUTTON5)
    (add_net /BUTTON6)
    (add_net /D+)
    (add_net /D-)
    (add_net /QSPI_CS)
    (add_net /QSPI_D0)
    (add_net /QSPI_D1)
    (add_net /QSPI_D2)
    (add_net /QSPI_D3)
    (add_net /QSPI_SCK)
    (add_net /RESET)
    (add_net /SCL)
    (add_net /SDA)
    (add_net /SWC)
    (add_net /SWD)
    (add_net /SWO)
    (add_net GND)
    (add_net "Net-(C1-Pad1)")
    (add_net "Net-(C11-Pad1)")
    (add_net "Net-(C12-Pad1)")
    (add_net "Net-(C2-Pad1)")
    (add_net "Net-(C7-Pad1)")
    (add_net "Net-(D37-Pad1)")
    (add_net "Net-(J1-PadA5)")
    (add_net "Net-(J1-PadB5)")
    (add_net "Net-(R7-Pad1)")
    (add_net "Net-(R8-Pad2)")
    (add_net VBUS)
    (add_net VCC)
  )

  (module Package_SO:SOIC-8_5.23x5.23mm_P1.27mm (layer F.Cu) (tedit 5C9033D8) (tstamp 5E254BE9)
    (at 61.75 34.75 270)
    (descr "SOIC, 8 Pin (http://www.winbond.com/resource-files/w25q32jv%20revg%2003272018%20plus.pdf#page=68), generated with kicad-footprint-generator ipc_gullwing_generator.py")
    (tags "SOIC SO")
    (path /5DFE01D1)
    (attr smd)
    (fp_text reference U3 (at 0 -3.56 270) (layer F.SilkS)
      (effects (font (size 1 1) (thickness 0.15)))
    )
    (fp_text value W25Q32JVSS (at 0 3.56 270) (layer F.Fab)
      (effects (font (size 1 1) (thickness 0.15)))
    )
    (fp_line (start 0 2.725) (end 2.725 2.725) (layer F.SilkS) (width 0.12))
    (fp_line (start 2.725 2.725) (end 2.725 2.465) (layer F.SilkS) (width 0.12))
    (fp_line (start 0 2.725) (end -2.725 2.725) (layer F.SilkS) (width 0.12))
    (fp_line (start -2.725 2.725) (end -2.725 2.465) (layer F.SilkS) (width 0.12))
    (fp_line (start 0 -2.725) (end 2.725 -2.725) (layer F.SilkS) (width 0.12))
    (fp_line (start 2.725 -2.725) (end 2.725 -2.465) (layer F.SilkS) (width 0.12))
    (fp_line (start 0 -2.725) (end -2.725 -2.725) (layer F.SilkS) (width 0.12))
    (fp_line (start -2.725 -2.725) (end -2.725 -2.465) (layer F.SilkS) (width 0.12))
    (fp_line (start -2.725 -2.465) (end -4.4 -2.465) (layer F.SilkS) (width 0.12))
    (fp_line (start -1.615 -2.615) (end 2.615 -2.615) (layer F.Fab) (width 0.1))
    (fp_line (start 2.615 -2.615) (end 2.615 2.615) (layer F.Fab) (width 0.1))
    (fp_line (start 2.615 2.615) (end -2.615 2.615) (layer F.Fab) (width 0.1))
    (fp_line (start -2.615 2.615) (end -2.615 -1.615) (layer F.Fab) (width 0.1))
    (fp_line (start -2.615 -1.615) (end -1.615 -2.615) (layer F.Fab) (width 0.1))
    (fp_line (start -4.65 -2.86) (end -4.65 2.86) (layer F.CrtYd) (width 0.05))
    (fp_line (start -4.65 2.86) (end 4.65 2.86) (layer F.CrtYd) (width 0.05))
    (fp_line (start 4.65 2.86) (end 4.65 -2.86) (layer F.CrtYd) (width 0.05))
    (fp_line (start 4.65 -2.86) (end -4.65 -2.86) (layer F.CrtYd) (width 0.05))
    (fp_text user %R (at 0 0 270) (layer F.Fab)
      (effects (font (size 1 1) (thickness 0.15)))
    )
    (pad 1 smd roundrect (at -3.6 -1.905 270) (size 1.6 0.6) (layers F.Cu F.Paste F.Mask) (roundrect_rratio 0.25)
      (net 23 /QSPI_CS))
    (pad 2 smd roundrect (at -3.6 -0.635 270) (size 1.6 0.6) (layers F.Cu F.Paste F.Mask) (roundrect_rratio 0.25)
      (net 24 /QSPI_D1))
    (pad 3 smd roundrect (at -3.6 0.635 270) (size 1.6 0.6) (layers F.Cu F.Paste F.Mask) (roundrect_rratio 0.25)
      (net 25 /QSPI_D2))
    (pad 4 smd roundrect (at -3.6 1.905 270) (size 1.6 0.6) (layers F.Cu F.Paste F.Mask) (roundrect_rratio 0.25)
      (net 2 GND))
    (pad 5 smd roundrect (at 3.6 1.905 270) (size 1.6 0.6) (layers F.Cu F.Paste F.Mask) (roundrect_rratio 0.25)
      (net 26 /QSPI_D0))
    (pad 6 smd roundrect (at 3.6 0.635 270) (size 1.6 0.6) (layers F.Cu F.Paste F.Mask) (roundrect_rratio 0.25)
      (net 27 /QSPI_SCK))
    (pad 7 smd roundrect (at 3.6 -0.635 270) (size 1.6 0.6) (layers F.Cu F.Paste F.Mask) (roundrect_rratio 0.25)
      (net 28 /QSPI_D3))
    (pad 8 smd roundrect (at 3.6 -1.905 270) (size 1.6 0.6) (layers F.Cu F.Paste F.Mask) (roundrect_rratio 0.25)
      (net 4 +3V3))
    (model ${KISYS3DMOD}/Package_SO.3dshapes/SOIC-8_5.23x5.23mm_P1.27mm.wrl
      (at (xyz 0 0 0))
      (scale (xyz 1 1 1))
      (rotate (xyz 0 0 0))
    )
  )

  (module Connector_PinHeader_1.27mm:PinHeader_2x05_P1.27mm_Vertical_SMD (layer F.Cu) (tedit 59FED6E3) (tstamp 5E24BDE3)
    (at 62 45.25)
    (descr "surface-mounted straight pin header, 2x05, 1.27mm pitch, double rows")
    (tags "Surface mounted pin header SMD 2x05 1.27mm double row")
    (path /5E5DD8F7)
    (attr smd)
    (fp_text reference J3 (at 0 -4.235) (layer F.SilkS)
      (effects (font (size 1 1) (thickness 0.15)))
    )
    (fp_text value Conn_ARM_JTAG_SWD_10 (at 0 4.235) (layer F.Fab)
      (effects (font (size 1 1) (thickness 0.15)))
    )
    (fp_line (start 1.705 3.175) (end -1.705 3.175) (layer F.Fab) (width 0.1))
    (fp_line (start -1.27 -3.175) (end 1.705 -3.175) (layer F.Fab) (width 0.1))
    (fp_line (start -1.705 3.175) (end -1.705 -2.74) (layer F.Fab) (width 0.1))
    (fp_line (start -1.705 -2.74) (end -1.27 -3.175) (layer F.Fab) (width 0.1))
    (fp_line (start 1.705 -3.175) (end 1.705 3.175) (layer F.Fab) (width 0.1))
    (fp_line (start -1.705 -2.74) (end -2.75 -2.74) (layer F.Fab) (width 0.1))
    (fp_line (start -2.75 -2.74) (end -2.75 -2.34) (layer F.Fab) (width 0.1))
    (fp_line (start -2.75 -2.34) (end -1.705 -2.34) (layer F.Fab) (width 0.1))
    (fp_line (start 1.705 -2.74) (end 2.75 -2.74) (layer F.Fab) (width 0.1))
    (fp_line (start 2.75 -2.74) (end 2.75 -2.34) (layer F.Fab) (width 0.1))
    (fp_line (start 2.75 -2.34) (end 1.705 -2.34) (layer F.Fab) (width 0.1))
    (fp_line (start -1.705 -1.47) (end -2.75 -1.47) (layer F.Fab) (width 0.1))
    (fp_line (start -2.75 -1.47) (end -2.75 -1.07) (layer F.Fab) (width 0.1))
    (fp_line (start -2.75 -1.07) (end -1.705 -1.07) (layer F.Fab) (width 0.1))
    (fp_line (start 1.705 -1.47) (end 2.75 -1.47) (layer F.Fab) (width 0.1))
    (fp_line (start 2.75 -1.47) (end 2.75 -1.07) (layer F.Fab) (width 0.1))
    (fp_line (start 2.75 -1.07) (end 1.705 -1.07) (layer F.Fab) (width 0.1))
    (fp_line (start -1.705 -0.2) (end -2.75 -0.2) (layer F.Fab) (width 0.1))
    (fp_line (start -2.75 -0.2) (end -2.75 0.2) (layer F.Fab) (width 0.1))
    (fp_line (start -2.75 0.2) (end -1.705 0.2) (layer F.Fab) (width 0.1))
    (fp_line (start 1.705 -0.2) (end 2.75 -0.2) (layer F.Fab) (width 0.1))
    (fp_line (start 2.75 -0.2) (end 2.75 0.2) (layer F.Fab) (width 0.1))
    (fp_line (start 2.75 0.2) (end 1.705 0.2) (layer F.Fab) (width 0.1))
    (fp_line (start -1.705 1.07) (end -2.75 1.07) (layer F.Fab) (width 0.1))
    (fp_line (start -2.75 1.07) (end -2.75 1.47) (layer F.Fab) (width 0.1))
    (fp_line (start -2.75 1.47) (end -1.705 1.47) (layer F.Fab) (width 0.1))
    (fp_line (start 1.705 1.07) (end 2.75 1.07) (layer F.Fab) (width 0.1))
    (fp_line (start 2.75 1.07) (end 2.75 1.47) (layer F.Fab) (width 0.1))
    (fp_line (start 2.75 1.47) (end 1.705 1.47) (layer F.Fab) (width 0.1))
    (fp_line (start -1.705 2.34) (end -2.75 2.34) (layer F.Fab) (width 0.1))
    (fp_line (start -2.75 2.34) (end -2.75 2.74) (layer F.Fab) (width 0.1))
    (fp_line (start -2.75 2.74) (end -1.705 2.74) (layer F.Fab) (width 0.1))
    (fp_line (start 1.705 2.34) (end 2.75 2.34) (layer F.Fab) (width 0.1))
    (fp_line (start 2.75 2.34) (end 2.75 2.74) (layer F.Fab) (width 0.1))
    (fp_line (start 2.75 2.74) (end 1.705 2.74) (layer F.Fab) (width 0.1))
    (fp_line (start -1.765 -3.235) (end 1.765 -3.235) (layer F.SilkS) (width 0.12))
    (fp_line (start -1.765 3.235) (end 1.765 3.235) (layer F.SilkS) (width 0.12))
    (fp_line (start -3.09 -3.17) (end -1.765 -3.17) (layer F.SilkS) (width 0.12))
    (fp_line (start -1.765 -3.235) (end -1.765 -3.17) (layer F.SilkS) (width 0.12))
    (fp_line (start 1.765 -3.235) (end 1.765 -3.17) (layer F.SilkS) (width 0.12))
    (fp_line (start -1.765 3.17) (end -1.765 3.235) (layer F.SilkS) (width 0.12))
    (fp_line (start 1.765 3.17) (end 1.765 3.235) (layer F.SilkS) (width 0.12))
    (fp_line (start -4.3 -3.7) (end -4.3 3.7) (layer F.CrtYd) (width 0.05))
    (fp_line (start -4.3 3.7) (end 4.3 3.7) (layer F.CrtYd) (width 0.05))
    (fp_line (start 4.3 3.7) (end 4.3 -3.7) (layer F.CrtYd) (width 0.05))
    (fp_line (start 4.3 -3.7) (end -4.3 -3.7) (layer F.CrtYd) (width 0.05))
    (fp_text user %R (at 0 0 90) (layer F.Fab)
      (effects (font (size 1 1) (thickness 0.15)))
    )
    (pad 1 smd rect (at -1.95 -2.54) (size 2.4 0.74) (layers F.Cu F.Paste F.Mask)
      (net 4 +3V3))
    (pad 2 smd rect (at 1.95 -2.54) (size 2.4 0.74) (layers F.Cu F.Paste F.Mask)
      (net 29 /SWD))
    (pad 3 smd rect (at -1.95 -1.27) (size 2.4 0.74) (layers F.Cu F.Paste F.Mask)
      (net 2 GND))
    (pad 4 smd rect (at 1.95 -1.27) (size 2.4 0.74) (layers F.Cu F.Paste F.Mask)
      (net 30 /SWC))
    (pad 5 smd rect (at -1.95 0) (size 2.4 0.74) (layers F.Cu F.Paste F.Mask)
      (net 2 GND))
    (pad 6 smd rect (at 1.95 0) (size 2.4 0.74) (layers F.Cu F.Paste F.Mask)
      (net 31 /SWO))
    (pad 7 smd rect (at -1.95 1.27) (size 2.4 0.74) (layers F.Cu F.Paste F.Mask))
    (pad 8 smd rect (at 1.95 1.27) (size 2.4 0.74) (layers F.Cu F.Paste F.Mask))
    (pad 9 smd rect (at -1.95 2.54) (size 2.4 0.74) (layers F.Cu F.Paste F.Mask)
      (net 2 GND))
    (pad 10 smd rect (at 1.95 2.54) (size 2.4 0.74) (layers F.Cu F.Paste F.Mask)
      (net 32 /RESET))
    (model ${KISYS3DMOD}/Connector_PinHeader_1.27mm.3dshapes/PinHeader_2x05_P1.27mm_Vertical_SMD.wrl
      (at (xyz 0 0 0))
      (scale (xyz 1 1 1))
      (rotate (xyz 0 0 0))
    )
  )

  (module Resistor_SMD:R_0603_1608Metric (layer F.Cu) (tedit 5B301BBD) (tstamp 5E24E1A2)
    (at 58.25 67.75 270)
    (descr "Resistor SMD 0603 (1608 Metric), square (rectangular) end terminal, IPC_7351 nominal, (Body size source: http://www.tortai-tech.com/upload/download/2011102023233369053.pdf), generated with kicad-footprint-generator")
    (tags resistor)
    (path /5E506E67)
    (attr smd)
    (fp_text reference R7 (at 3 0 270) (layer F.SilkS)
      (effects (font (size 1 1) (thickness 0.15)))
    )
    (fp_text value 2K (at 0 1.43 270) (layer F.Fab)
      (effects (font (size 1 1) (thickness 0.15)))
    )
    (fp_line (start -0.8 0.4) (end -0.8 -0.4) (layer F.Fab) (width 0.1))
    (fp_line (start -0.8 -0.4) (end 0.8 -0.4) (layer F.Fab) (width 0.1))
    (fp_line (start 0.8 -0.4) (end 0.8 0.4) (layer F.Fab) (width 0.1))
    (fp_line (start 0.8 0.4) (end -0.8 0.4) (layer F.Fab) (width 0.1))
    (fp_line (start -0.162779 -0.51) (end 0.162779 -0.51) (layer F.SilkS) (width 0.12))
    (fp_line (start -0.162779 0.51) (end 0.162779 0.51) (layer F.SilkS) (width 0.12))
    (fp_line (start -1.48 0.73) (end -1.48 -0.73) (layer F.CrtYd) (width 0.05))
    (fp_line (start -1.48 -0.73) (end 1.48 -0.73) (layer F.CrtYd) (width 0.05))
    (fp_line (start 1.48 -0.73) (end 1.48 0.73) (layer F.CrtYd) (width 0.05))
    (fp_line (start 1.48 0.73) (end -1.48 0.73) (layer F.CrtYd) (width 0.05))
    (fp_text user %R (at 0 0 270) (layer F.Fab)
      (effects (font (size 0.4 0.4) (thickness 0.06)))
    )
    (pad 1 smd roundrect (at -0.7875 0 270) (size 0.875 0.95) (layers F.Cu F.Paste F.Mask) (roundrect_rratio 0.25)
      (net 15 "Net-(R7-Pad1)"))
    (pad 2 smd roundrect (at 0.7875 0 270) (size 0.875 0.95) (layers F.Cu F.Paste F.Mask) (roundrect_rratio 0.25)
      (net 2 GND))
    (model ${KISYS3DMOD}/Resistor_SMD.3dshapes/R_0603_1608Metric.wrl
      (at (xyz 0 0 0))
      (scale (xyz 1 1 1))
      (rotate (xyz 0 0 0))
    )
  )

  (module Capacitor_SMD:C_0603_1608Metric (layer B.Cu) (tedit 5B301BBE) (tstamp 5E085BE4)
    (at 49.25 41 270)
    (descr "Capacitor SMD 0603 (1608 Metric), square (rectangular) end terminal, IPC_7351 nominal, (Body size source: http://www.tortai-tech.com/upload/download/2011102023233369053.pdf), generated with kicad-footprint-generator")
    (tags capacitor)
    (path /5E13DD33)
    (attr smd)
    (fp_text reference C3 (at 0 1.43 270) (layer B.SilkS) hide
      (effects (font (size 1 1) (thickness 0.15)) (justify mirror))
    )
    (fp_text value 100n (at 0 -1.43 270) (layer B.Fab)
      (effects (font (size 1 1) (thickness 0.15)) (justify mirror))
    )
    (fp_text user %R (at 0 0 270) (layer B.Fab)
      (effects (font (size 0.4 0.4) (thickness 0.06)) (justify mirror))
    )
    (fp_line (start 1.48 -0.73) (end -1.48 -0.73) (layer B.CrtYd) (width 0.05))
    (fp_line (start 1.48 0.73) (end 1.48 -0.73) (layer B.CrtYd) (width 0.05))
    (fp_line (start -1.48 0.73) (end 1.48 0.73) (layer B.CrtYd) (width 0.05))
    (fp_line (start -1.48 -0.73) (end -1.48 0.73) (layer B.CrtYd) (width 0.05))
    (fp_line (start -0.162779 -0.51) (end 0.162779 -0.51) (layer B.SilkS) (width 0.12))
    (fp_line (start -0.162779 0.51) (end 0.162779 0.51) (layer B.SilkS) (width 0.12))
    (fp_line (start 0.8 -0.4) (end -0.8 -0.4) (layer B.Fab) (width 0.1))
    (fp_line (start 0.8 0.4) (end 0.8 -0.4) (layer B.Fab) (width 0.1))
    (fp_line (start -0.8 0.4) (end 0.8 0.4) (layer B.Fab) (width 0.1))
    (fp_line (start -0.8 -0.4) (end -0.8 0.4) (layer B.Fab) (width 0.1))
    (pad 2 smd roundrect (at 0.7875 0 270) (size 0.875 0.95) (layers B.Cu B.Paste B.Mask) (roundrect_rratio 0.25)
      (net 2 GND))
    (pad 1 smd roundrect (at -0.7875 0 270) (size 0.875 0.95) (layers B.Cu B.Paste B.Mask) (roundrect_rratio 0.25)
      (net 4 +3V3))
    (model ${KISYS3DMOD}/Capacitor_SMD.3dshapes/C_0603_1608Metric.wrl
      (at (xyz 0 0 0))
      (scale (xyz 1 1 1))
      (rotate (xyz 0 0 0))
    )
  )

  (module Capacitor_SMD:C_0603_1608Metric (layer F.Cu) (tedit 5B301BBE) (tstamp 5E085BC2)
    (at 45.75 64 90)
    (descr "Capacitor SMD 0603 (1608 Metric), square (rectangular) end terminal, IPC_7351 nominal, (Body size source: http://www.tortai-tech.com/upload/download/2011102023233369053.pdf), generated with kicad-footprint-generator")
    (tags capacitor)
    (path /5E2036AE)
    (attr smd)
    (fp_text reference C1 (at 2.5 0 270) (layer F.SilkS)
      (effects (font (size 1 1) (thickness 0.15)))
    )
    (fp_text value 100n (at 0 1.43 270) (layer F.Fab)
      (effects (font (size 1 1) (thickness 0.15)))
    )
    (fp_line (start -0.8 0.4) (end -0.8 -0.4) (layer F.Fab) (width 0.1))
    (fp_line (start -0.8 -0.4) (end 0.8 -0.4) (layer F.Fab) (width 0.1))
    (fp_line (start 0.8 -0.4) (end 0.8 0.4) (layer F.Fab) (width 0.1))
    (fp_line (start 0.8 0.4) (end -0.8 0.4) (layer F.Fab) (width 0.1))
    (fp_line (start -0.162779 -0.51) (end 0.162779 -0.51) (layer F.SilkS) (width 0.12))
    (fp_line (start -0.162779 0.51) (end 0.162779 0.51) (layer F.SilkS) (width 0.12))
    (fp_line (start -1.48 0.73) (end -1.48 -0.73) (layer F.CrtYd) (width 0.05))
    (fp_line (start -1.48 -0.73) (end 1.48 -0.73) (layer F.CrtYd) (width 0.05))
    (fp_line (start 1.48 -0.73) (end 1.48 0.73) (layer F.CrtYd) (width 0.05))
    (fp_line (start 1.48 0.73) (end -1.48 0.73) (layer F.CrtYd) (width 0.05))
    (fp_text user %R (at 0 0 270) (layer F.Fab)
      (effects (font (size 0.4 0.4) (thickness 0.06)))
    )
    (pad 1 smd roundrect (at -0.7875 0 90) (size 0.875 0.95) (layers F.Cu F.Paste F.Mask) (roundrect_rratio 0.25)
      (net 1 "Net-(C1-Pad1)"))
    (pad 2 smd roundrect (at 0.7875 0 90) (size 0.875 0.95) (layers F.Cu F.Paste F.Mask) (roundrect_rratio 0.25)
      (net 2 GND))
    (model ${KISYS3DMOD}/Capacitor_SMD.3dshapes/C_0603_1608Metric.wrl
      (at (xyz 0 0 0))
      (scale (xyz 1 1 1))
      (rotate (xyz 0 0 0))
    )
  )

  (module Capacitor_SMD:C_0603_1608Metric (layer B.Cu) (tedit 5B301BBE) (tstamp 5E085BD3)
    (at 49.2 34 90)
    (descr "Capacitor SMD 0603 (1608 Metric), square (rectangular) end terminal, IPC_7351 nominal, (Body size source: http://www.tortai-tech.com/upload/download/2011102023233369053.pdf), generated with kicad-footprint-generator")
    (tags capacitor)
    (path /5E1086B3)
    (attr smd)
    (fp_text reference C2 (at 0 1.43 270) (layer B.SilkS) hide
      (effects (font (size 1 1) (thickness 0.15)) (justify mirror))
    )
    (fp_text value 220n (at 0 -1.43 270) (layer B.Fab)
      (effects (font (size 1 1) (thickness 0.15)) (justify mirror))
    )
    (fp_line (start -0.8 -0.4) (end -0.8 0.4) (layer B.Fab) (width 0.1))
    (fp_line (start -0.8 0.4) (end 0.8 0.4) (layer B.Fab) (width 0.1))
    (fp_line (start 0.8 0.4) (end 0.8 -0.4) (layer B.Fab) (width 0.1))
    (fp_line (start 0.8 -0.4) (end -0.8 -0.4) (layer B.Fab) (width 0.1))
    (fp_line (start -0.162779 0.51) (end 0.162779 0.51) (layer B.SilkS) (width 0.12))
    (fp_line (start -0.162779 -0.51) (end 0.162779 -0.51) (layer B.SilkS) (width 0.12))
    (fp_line (start -1.48 -0.73) (end -1.48 0.73) (layer B.CrtYd) (width 0.05))
    (fp_line (start -1.48 0.73) (end 1.48 0.73) (layer B.CrtYd) (width 0.05))
    (fp_line (start 1.48 0.73) (end 1.48 -0.73) (layer B.CrtYd) (width 0.05))
    (fp_line (start 1.48 -0.73) (end -1.48 -0.73) (layer B.CrtYd) (width 0.05))
    (fp_text user %R (at 0 0 270) (layer B.Fab)
      (effects (font (size 0.4 0.4) (thickness 0.06)) (justify mirror))
    )
    (pad 1 smd roundrect (at -0.7875 0 90) (size 0.875 0.95) (layers B.Cu B.Paste B.Mask) (roundrect_rratio 0.25)
      (net 3 "Net-(C2-Pad1)"))
    (pad 2 smd roundrect (at 0.7875 0 90) (size 0.875 0.95) (layers B.Cu B.Paste B.Mask) (roundrect_rratio 0.25)
      (net 2 GND))
    (model ${KISYS3DMOD}/Capacitor_SMD.3dshapes/C_0603_1608Metric.wrl
      (at (xyz 0 0 0))
      (scale (xyz 1 1 1))
      (rotate (xyz 0 0 0))
    )
  )

  (module buddy-compass-parts:USB_C_Receptacle_GT-USB-7010 (layer F.Cu) (tedit 5D87C057) (tstamp 5E16F388)
    (at 50 70.25)
    (descr "USB TYPE C, RA RCPT PCB, SMT, https://github.com/arturo182/GT-USB-7010/raw/master/GT-USB-7010.pdf")
    (tags "USB C Type-C Receptacle SMD")
    (path /5DFDC8F3)
    (fp_text reference J1 (at 0 -5.35) (layer F.SilkS)
      (effects (font (size 1 1) (thickness 0.15)))
    )
    (fp_text value USB_C_Receptacle_USB2.0 (at 0 6) (layer F.Fab)
      (effects (font (size 1 1) (thickness 0.15)))
    )
    (fp_line (start -4.97 5.15) (end 5.1 5.15) (layer F.CrtYd) (width 0.12))
    (fp_line (start -4.97 -4.6) (end -4.97 5.15) (layer F.CrtYd) (width 0.12))
    (fp_line (start 5.1 -4.6) (end 5.1 5.15) (layer F.CrtYd) (width 0.12))
    (fp_line (start -4.97 -4.6) (end 5.1 -4.6) (layer F.CrtYd) (width 0.12))
    (fp_text user REF* (at 0 0) (layer F.Fab)
      (effects (font (size 1 1) (thickness 0.1)))
    )
    (fp_line (start 4.6 1.05) (end 4.6 -1.25) (layer F.SilkS) (width 0.15))
    (fp_line (start 4.6 4.65) (end 4.6 2.7) (layer F.SilkS) (width 0.15))
    (fp_line (start -4.6 1.05) (end -4.6 -1.25) (layer F.SilkS) (width 0.15))
    (fp_line (start -4.6 4.65) (end -4.6 2.7) (layer F.SilkS) (width 0.15))
    (fp_line (start 4.6 4.65) (end -4.6 4.65) (layer F.SilkS) (width 0.15))
    (fp_line (start -4.47 -3.425) (end -4.47 4.525) (layer F.Fab) (width 0.12))
    (fp_line (start 4.47 4.525) (end -4.47 4.525) (layer F.Fab) (width 0.12))
    (fp_line (start 4.47 -3.425) (end 4.47 4.525) (layer F.Fab) (width 0.12))
    (fp_line (start -4.47 -3.425) (end 4.47 -3.425) (layer F.Fab) (width 0.12))
    (pad A12 smd rect (at 3.35 -3.15) (size 0.3 1.75) (layers F.Cu F.Paste F.Mask)
      (net 2 GND))
    (pad B1 smd rect (at 3.05 -3.15) (size 0.3 1.75) (layers F.Cu F.Paste F.Mask)
      (net 2 GND))
    (pad B4 smd rect (at 2.25 -3.15) (size 0.3 1.75) (layers F.Cu F.Paste F.Mask)
      (net 10 VBUS))
    (pad A9 smd rect (at 2.55 -3.15) (size 0.3 1.75) (layers F.Cu F.Paste F.Mask)
      (net 10 VBUS))
    (pad B9 smd rect (at -2.25 -3.15) (size 0.3 1.75) (layers F.Cu F.Paste F.Mask)
      (net 10 VBUS))
    (pad A4 smd rect (at -2.55 -3.15) (size 0.3 1.75) (layers F.Cu F.Paste F.Mask)
      (net 10 VBUS))
    (pad B12 smd rect (at -3.05 -3.15) (size 0.3 1.75) (layers F.Cu F.Paste F.Mask)
      (net 2 GND))
    (pad A1 smd rect (at -3.35 -3.15) (size 0.3 1.75) (layers F.Cu F.Paste F.Mask)
      (net 2 GND))
    (pad A6 smd rect (at -0.25 -3.15) (size 0.3 1.75) (layers F.Cu F.Paste F.Mask)
      (net 7 /D+))
    (pad A5 smd rect (at -1.25 -3.15) (size 0.3 1.75) (layers F.Cu F.Paste F.Mask)
      (net 9 "Net-(J1-PadA5)"))
    (pad B8 smd rect (at -1.75 -3.15) (size 0.3 1.75) (layers F.Cu F.Paste F.Mask))
    (pad B7 smd rect (at -0.75 -3.15) (size 0.3 1.75) (layers F.Cu F.Paste F.Mask)
      (net 6 /D-))
    (pad B5 smd rect (at 1.75 -3.15) (size 0.3 1.75) (layers F.Cu F.Paste F.Mask)
      (net 8 "Net-(J1-PadB5)"))
    (pad A8 smd rect (at 1.25 -3.15) (size 0.3 1.75) (layers F.Cu F.Paste F.Mask))
    (pad B6 smd rect (at 0.75 -3.15) (size 0.3 1.75) (layers F.Cu F.Paste F.Mask)
      (net 7 /D+))
    (pad A7 smd rect (at 0.25 -3.15) (size 0.3 1.75) (layers F.Cu F.Paste F.Mask)
      (net 6 /D-))
    (pad "" np_thru_hole circle (at 2.89 -1.81) (size 0.65 0.65) (drill 0.65) (layers *.Cu *.Mask))
    (pad "" np_thru_hole circle (at -2.89 -1.81) (size 0.65 0.65) (drill 0.65) (layers *.Cu *.Mask))
    (pad S1 thru_hole oval (at 4.32 -2.31) (size 0.9 2.1) (drill oval 0.5 1.7) (layers *.Cu *.Paste *.Mask)
      (net 1 "Net-(C1-Pad1)"))
    (pad S1 thru_hole oval (at -4.32 -2.31) (size 0.9 2.1) (drill oval 0.5 1.7) (layers *.Cu *.Paste *.Mask)
      (net 1 "Net-(C1-Pad1)"))
    (pad S1 thru_hole oval (at 4.32 1.87) (size 1 1.6) (drill oval 0.6 1.2) (layers *.Cu *.Paste *.Mask)
      (net 1 "Net-(C1-Pad1)"))
    (pad S1 thru_hole oval (at -4.32 1.87) (size 1 1.6) (drill oval 0.6 1.2) (layers *.Cu *.Paste *.Mask)
      (net 1 "Net-(C1-Pad1)"))
  )

  (module Resistor_SMD:R_0603_1608Metric (layer F.Cu) (tedit 5B301BBD) (tstamp 5E085EEB)
    (at 54.25 64 90)
    (descr "Resistor SMD 0603 (1608 Metric), square (rectangular) end terminal, IPC_7351 nominal, (Body size source: http://www.tortai-tech.com/upload/download/2011102023233369053.pdf), generated with kicad-footprint-generator")
    (tags resistor)
    (path /5E1CD0F8)
    (attr smd)
    (fp_text reference R1 (at 2.5 0 270) (layer F.SilkS)
      (effects (font (size 1 1) (thickness 0.15)))
    )
    (fp_text value 1M (at 0 1.43 270) (layer F.Fab)
      (effects (font (size 1 1) (thickness 0.15)))
    )
    (fp_line (start -0.8 0.4) (end -0.8 -0.4) (layer F.Fab) (width 0.1))
    (fp_line (start -0.8 -0.4) (end 0.8 -0.4) (layer F.Fab) (width 0.1))
    (fp_line (start 0.8 -0.4) (end 0.8 0.4) (layer F.Fab) (width 0.1))
    (fp_line (start 0.8 0.4) (end -0.8 0.4) (layer F.Fab) (width 0.1))
    (fp_line (start -0.162779 -0.51) (end 0.162779 -0.51) (layer F.SilkS) (width 0.12))
    (fp_line (start -0.162779 0.51) (end 0.162779 0.51) (layer F.SilkS) (width 0.12))
    (fp_line (start -1.48 0.73) (end -1.48 -0.73) (layer F.CrtYd) (width 0.05))
    (fp_line (start -1.48 -0.73) (end 1.48 -0.73) (layer F.CrtYd) (width 0.05))
    (fp_line (start 1.48 -0.73) (end 1.48 0.73) (layer F.CrtYd) (width 0.05))
    (fp_line (start 1.48 0.73) (end -1.48 0.73) (layer F.CrtYd) (width 0.05))
    (fp_text user %R (at 0 0 270) (layer F.Fab)
      (effects (font (size 0.4 0.4) (thickness 0.06)))
    )
    (pad 1 smd roundrect (at -0.7875 0 90) (size 0.875 0.95) (layers F.Cu F.Paste F.Mask) (roundrect_rratio 0.25)
      (net 1 "Net-(C1-Pad1)"))
    (pad 2 smd roundrect (at 0.7875 0 90) (size 0.875 0.95) (layers F.Cu F.Paste F.Mask) (roundrect_rratio 0.25)
      (net 2 GND))
    (model ${KISYS3DMOD}/Resistor_SMD.3dshapes/R_0603_1608Metric.wrl
      (at (xyz 0 0 0))
      (scale (xyz 1 1 1))
      (rotate (xyz 0 0 0))
    )
  )

  (module Resistor_SMD:R_0603_1608Metric (layer F.Cu) (tedit 5B301BBD) (tstamp 5E17298A)
    (at 48.75 64 90)
    (descr "Resistor SMD 0603 (1608 Metric), square (rectangular) end terminal, IPC_7351 nominal, (Body size source: http://www.tortai-tech.com/upload/download/2011102023233369053.pdf), generated with kicad-footprint-generator")
    (tags resistor)
    (path /5E1A4628)
    (attr smd)
    (fp_text reference R2 (at 2.5 0 270) (layer F.SilkS)
      (effects (font (size 1 1) (thickness 0.15)))
    )
    (fp_text value 5.1K (at 0 1.43 270) (layer F.Fab)
      (effects (font (size 1 1) (thickness 0.15)))
    )
    (fp_line (start -0.8 0.4) (end -0.8 -0.4) (layer F.Fab) (width 0.1))
    (fp_line (start -0.8 -0.4) (end 0.8 -0.4) (layer F.Fab) (width 0.1))
    (fp_line (start 0.8 -0.4) (end 0.8 0.4) (layer F.Fab) (width 0.1))
    (fp_line (start 0.8 0.4) (end -0.8 0.4) (layer F.Fab) (width 0.1))
    (fp_line (start -0.162779 -0.51) (end 0.162779 -0.51) (layer F.SilkS) (width 0.12))
    (fp_line (start -0.162779 0.51) (end 0.162779 0.51) (layer F.SilkS) (width 0.12))
    (fp_line (start -1.48 0.73) (end -1.48 -0.73) (layer F.CrtYd) (width 0.05))
    (fp_line (start -1.48 -0.73) (end 1.48 -0.73) (layer F.CrtYd) (width 0.05))
    (fp_line (start 1.48 -0.73) (end 1.48 0.73) (layer F.CrtYd) (width 0.05))
    (fp_line (start 1.48 0.73) (end -1.48 0.73) (layer F.CrtYd) (width 0.05))
    (fp_text user %R (at 0 0 270) (layer F.Fab)
      (effects (font (size 0.4 0.4) (thickness 0.06)))
    )
    (pad 1 smd roundrect (at -0.7875 0 90) (size 0.875 0.95) (layers F.Cu F.Paste F.Mask) (roundrect_rratio 0.25)
      (net 9 "Net-(J1-PadA5)"))
    (pad 2 smd roundrect (at 0.7875 0 90) (size 0.875 0.95) (layers F.Cu F.Paste F.Mask) (roundrect_rratio 0.25)
      (net 2 GND))
    (model ${KISYS3DMOD}/Resistor_SMD.3dshapes/R_0603_1608Metric.wrl
      (at (xyz 0 0 0))
      (scale (xyz 1 1 1))
      (rotate (xyz 0 0 0))
    )
  )

  (module Resistor_SMD:R_0603_1608Metric (layer F.Cu) (tedit 5B301BBD) (tstamp 5E085F0D)
    (at 51.75 64 90)
    (descr "Resistor SMD 0603 (1608 Metric), square (rectangular) end terminal, IPC_7351 nominal, (Body size source: http://www.tortai-tech.com/upload/download/2011102023233369053.pdf), generated with kicad-footprint-generator")
    (tags resistor)
    (path /5E1A4C91)
    (attr smd)
    (fp_text reference R3 (at 2.5 0 270) (layer F.SilkS)
      (effects (font (size 1 1) (thickness 0.15)))
    )
    (fp_text value 5.1K (at 0 1.43 270) (layer F.Fab)
      (effects (font (size 1 1) (thickness 0.15)))
    )
    (fp_text user %R (at 0 0 270) (layer F.Fab)
      (effects (font (size 0.4 0.4) (thickness 0.06)))
    )
    (fp_line (start 1.48 0.73) (end -1.48 0.73) (layer F.CrtYd) (width 0.05))
    (fp_line (start 1.48 -0.73) (end 1.48 0.73) (layer F.CrtYd) (width 0.05))
    (fp_line (start -1.48 -0.73) (end 1.48 -0.73) (layer F.CrtYd) (width 0.05))
    (fp_line (start -1.48 0.73) (end -1.48 -0.73) (layer F.CrtYd) (width 0.05))
    (fp_line (start -0.162779 0.51) (end 0.162779 0.51) (layer F.SilkS) (width 0.12))
    (fp_line (start -0.162779 -0.51) (end 0.162779 -0.51) (layer F.SilkS) (width 0.12))
    (fp_line (start 0.8 0.4) (end -0.8 0.4) (layer F.Fab) (width 0.1))
    (fp_line (start 0.8 -0.4) (end 0.8 0.4) (layer F.Fab) (width 0.1))
    (fp_line (start -0.8 -0.4) (end 0.8 -0.4) (layer F.Fab) (width 0.1))
    (fp_line (start -0.8 0.4) (end -0.8 -0.4) (layer F.Fab) (width 0.1))
    (pad 2 smd roundrect (at 0.7875 0 90) (size 0.875 0.95) (layers F.Cu F.Paste F.Mask) (roundrect_rratio 0.25)
      (net 2 GND))
    (pad 1 smd roundrect (at -0.7875 0 90) (size 0.875 0.95) (layers F.Cu F.Paste F.Mask) (roundrect_rratio 0.25)
      (net 8 "Net-(J1-PadB5)"))
    (model ${KISYS3DMOD}/Resistor_SMD.3dshapes/R_0603_1608Metric.wrl
      (at (xyz 0 0 0))
      (scale (xyz 1 1 1))
      (rotate (xyz 0 0 0))
    )
  )

  (module Package_TO_SOT_SMD:SOT-23-5 (layer F.Cu) (tedit 5A02FF57) (tstamp 5E24E16A)
    (at 61.75 64 180)
    (descr "5-pin SOT23 package")
    (tags SOT-23-5)
    (path /5DFE1E2B)
    (attr smd)
    (fp_text reference U1 (at -3 2.5) (layer F.SilkS)
      (effects (font (size 1 1) (thickness 0.15)))
    )
    (fp_text value MCP73831-2-OT (at 0 2.9) (layer F.Fab)
      (effects (font (size 1 1) (thickness 0.15)))
    )
    (fp_text user %R (at 0 0 90) (layer F.Fab)
      (effects (font (size 0.5 0.5) (thickness 0.075)))
    )
    (fp_line (start -0.9 1.61) (end 0.9 1.61) (layer F.SilkS) (width 0.12))
    (fp_line (start 0.9 -1.61) (end -1.55 -1.61) (layer F.SilkS) (width 0.12))
    (fp_line (start -1.9 -1.8) (end 1.9 -1.8) (layer F.CrtYd) (width 0.05))
    (fp_line (start 1.9 -1.8) (end 1.9 1.8) (layer F.CrtYd) (width 0.05))
    (fp_line (start 1.9 1.8) (end -1.9 1.8) (layer F.CrtYd) (width 0.05))
    (fp_line (start -1.9 1.8) (end -1.9 -1.8) (layer F.CrtYd) (width 0.05))
    (fp_line (start -0.9 -0.9) (end -0.25 -1.55) (layer F.Fab) (width 0.1))
    (fp_line (start 0.9 -1.55) (end -0.25 -1.55) (layer F.Fab) (width 0.1))
    (fp_line (start -0.9 -0.9) (end -0.9 1.55) (layer F.Fab) (width 0.1))
    (fp_line (start 0.9 1.55) (end -0.9 1.55) (layer F.Fab) (width 0.1))
    (fp_line (start 0.9 -1.55) (end 0.9 1.55) (layer F.Fab) (width 0.1))
    (pad 1 smd rect (at -1.1 -0.95 180) (size 1.06 0.65) (layers F.Cu F.Paste F.Mask)
      (net 16 "Net-(R8-Pad2)"))
    (pad 2 smd rect (at -1.1 0 180) (size 1.06 0.65) (layers F.Cu F.Paste F.Mask)
      (net 2 GND))
    (pad 3 smd rect (at -1.1 0.95 180) (size 1.06 0.65) (layers F.Cu F.Paste F.Mask)
      (net 13 "Net-(C7-Pad1)"))
    (pad 4 smd rect (at 1.1 0.95 180) (size 1.06 0.65) (layers F.Cu F.Paste F.Mask)
      (net 10 VBUS))
    (pad 5 smd rect (at 1.1 -0.95 180) (size 1.06 0.65) (layers F.Cu F.Paste F.Mask)
      (net 15 "Net-(R7-Pad1)"))
    (model ${KISYS3DMOD}/Package_TO_SOT_SMD.3dshapes/SOT-23-5.wrl
      (at (xyz 0 0 0))
      (scale (xyz 1 1 1))
      (rotate (xyz 0 0 0))
    )
  )

  (module Housings_LGA:LGA-12_2x2mm_Pitch0.5mm (layer B.Cu) (tedit 589B8A35) (tstamp 5E085F68)
    (at 50 37.5 90)
    (descr LGA12)
    (tags "lga land grid array")
    (path /5DFDB11C)
    (attr smd)
    (fp_text reference U2 (at 0 1.85 270) (layer B.SilkS) hide
      (effects (font (size 1 1) (thickness 0.15)) (justify mirror))
    )
    (fp_text value LSM303C (at 0 -1.6 270) (layer B.Fab)
      (effects (font (size 1 1) (thickness 0.15)) (justify mirror))
    )
    (fp_line (start 1 1) (end 1 -1) (layer B.Fab) (width 0.1))
    (fp_line (start 1 -1) (end -1 -1) (layer B.Fab) (width 0.1))
    (fp_line (start -1 -1) (end -1 0.5) (layer B.Fab) (width 0.1))
    (fp_line (start -1 0.5) (end -0.5 1) (layer B.Fab) (width 0.1))
    (fp_line (start -0.5 1) (end 1 1) (layer B.Fab) (width 0.1))
    (fp_line (start 0.6 1.1) (end 1.1 1.1) (layer B.SilkS) (width 0.12))
    (fp_line (start 1.1 1.1) (end 1.1 0.6) (layer B.SilkS) (width 0.12))
    (fp_line (start 1.1 0.6) (end 1.1 0.6) (layer B.SilkS) (width 0.12))
    (fp_line (start 1.1 -0.6) (end 1.1 -1.1) (layer B.SilkS) (width 0.12))
    (fp_line (start 1.1 -1.1) (end 0.6 -1.1) (layer B.SilkS) (width 0.12))
    (fp_line (start 0.6 -1.1) (end 0.6 -1.1) (layer B.SilkS) (width 0.12))
    (fp_line (start -0.6 -1.1) (end -1.1 -1.1) (layer B.SilkS) (width 0.12))
    (fp_line (start -1.1 -1.1) (end -1.1 -0.6) (layer B.SilkS) (width 0.12))
    (fp_line (start -1.1 -0.6) (end -1.1 -0.6) (layer B.SilkS) (width 0.12))
    (fp_line (start -0.6 1.1) (end -1.1 1.1) (layer B.SilkS) (width 0.12))
    (fp_line (start -1.1 1.1) (end -1.1 1.1) (layer B.SilkS) (width 0.12))
    (fp_line (start 1.25 1.25) (end 1.25 -1.25) (layer B.CrtYd) (width 0.05))
    (fp_line (start 1.25 -1.25) (end -1.25 -1.25) (layer B.CrtYd) (width 0.05))
    (fp_line (start -1.25 -1.25) (end -1.25 1.25) (layer B.CrtYd) (width 0.05))
    (fp_line (start -1.25 1.25) (end 1.25 1.25) (layer B.CrtYd) (width 0.05))
    (pad 2 smd rect (at -0.7625 0.25 90) (size 0.375 0.35) (layers B.Cu B.Paste B.Mask)
      (net 4 +3V3))
    (pad 3 smd rect (at -0.7625 -0.25 90) (size 0.375 0.35) (layers B.Cu B.Paste B.Mask)
      (net 4 +3V3))
    (pad 9 smd rect (at 0.7625 0.25 90) (size 0.375 0.35) (layers B.Cu B.Paste B.Mask)
      (net 4 +3V3))
    (pad 8 smd rect (at 0.7625 -0.25 90) (size 0.375 0.35) (layers B.Cu B.Paste B.Mask)
      (net 2 GND))
    (pad 4 smd rect (at -0.7625 -0.75 90) (size 0.375 0.35) (layers B.Cu B.Paste B.Mask)
      (net 11 /SDA))
    (pad 7 smd rect (at 0.7625 -0.75 90) (size 0.375 0.35) (layers B.Cu B.Paste B.Mask))
    (pad 1 smd rect (at -0.7625 0.75 90) (size 0.375 0.35) (layers B.Cu B.Paste B.Mask)
      (net 12 /SCL))
    (pad 10 smd rect (at 0.7625 0.75 90) (size 0.375 0.35) (layers B.Cu B.Paste B.Mask)
      (net 4 +3V3))
    (pad 5 smd rect (at -0.25 -0.7625) (size 0.375 0.35) (layers B.Cu B.Paste B.Mask)
      (net 3 "Net-(C2-Pad1)"))
    (pad 6 smd rect (at 0.25 -0.7625) (size 0.375 0.35) (layers B.Cu B.Paste B.Mask)
      (net 2 GND))
    (pad 11 smd rect (at 0.25 0.7625) (size 0.375 0.35) (layers B.Cu B.Paste B.Mask))
    (pad 12 smd rect (at -0.25 0.7625) (size 0.375 0.35) (layers B.Cu B.Paste B.Mask))
    (model ${KISYS3DMOD}/Housings_LGA.3dshapes/LGA-12_2x2mm_Pitch0.5mm.wrl
      (at (xyz 0 0 0))
      (scale (xyz 1 1 1))
      (rotate (xyz 0 0 0))
    )
  )

  (module Package_TO_SOT_SMD:SOT-23-5 (layer F.Cu) (tedit 5A02FF57) (tstamp 5E24E31A)
    (at 61.75 56 180)
    (descr "5-pin SOT23 package")
    (tags SOT-23-5)
    (path /5DFE0C60)
    (attr smd)
    (fp_text reference U4 (at 0 3 270) (layer F.SilkS)
      (effects (font (size 1 1) (thickness 0.15)))
    )
    (fp_text value MIC5504-3.3YM5 (at 0 2.9) (layer F.Fab)
      (effects (font (size 1 1) (thickness 0.15)))
    )
    (fp_line (start 0.9 -1.55) (end 0.9 1.55) (layer F.Fab) (width 0.1))
    (fp_line (start 0.9 1.55) (end -0.9 1.55) (layer F.Fab) (width 0.1))
    (fp_line (start -0.9 -0.9) (end -0.9 1.55) (layer F.Fab) (width 0.1))
    (fp_line (start 0.9 -1.55) (end -0.25 -1.55) (layer F.Fab) (width 0.1))
    (fp_line (start -0.9 -0.9) (end -0.25 -1.55) (layer F.Fab) (width 0.1))
    (fp_line (start -1.9 1.8) (end -1.9 -1.8) (layer F.CrtYd) (width 0.05))
    (fp_line (start 1.9 1.8) (end -1.9 1.8) (layer F.CrtYd) (width 0.05))
    (fp_line (start 1.9 -1.8) (end 1.9 1.8) (layer F.CrtYd) (width 0.05))
    (fp_line (start -1.9 -1.8) (end 1.9 -1.8) (layer F.CrtYd) (width 0.05))
    (fp_line (start 0.9 -1.61) (end -1.55 -1.61) (layer F.SilkS) (width 0.12))
    (fp_line (start -0.9 1.61) (end 0.9 1.61) (layer F.SilkS) (width 0.12))
    (fp_text user %R (at 0 0 90) (layer F.Fab)
      (effects (font (size 0.5 0.5) (thickness 0.075)))
    )
    (pad 5 smd rect (at 1.1 -0.95 180) (size 1.06 0.65) (layers F.Cu F.Paste F.Mask)
      (net 4 +3V3))
    (pad 4 smd rect (at 1.1 0.95 180) (size 1.06 0.65) (layers F.Cu F.Paste F.Mask))
    (pad 3 smd rect (at -1.1 0.95 180) (size 1.06 0.65) (layers F.Cu F.Paste F.Mask)
      (net 5 VCC))
    (pad 2 smd rect (at -1.1 0 180) (size 1.06 0.65) (layers F.Cu F.Paste F.Mask)
      (net 2 GND))
    (pad 1 smd rect (at -1.1 -0.95 180) (size 1.06 0.65) (layers F.Cu F.Paste F.Mask)
      (net 5 VCC))
    (model ${KISYS3DMOD}/Package_TO_SOT_SMD.3dshapes/SOT-23-5.wrl
      (at (xyz 0 0 0))
      (scale (xyz 1 1 1))
      (rotate (xyz 0 0 0))
    )
  )

  (module Capacitor_SMD:C_0805_2012Metric (layer F.Cu) (tedit 5B36C52B) (tstamp 5E25C1C1)
    (at 58.5 64 270)
    (descr "Capacitor SMD 0805 (2012 Metric), square (rectangular) end terminal, IPC_7351 nominal, (Body size source: https://docs.google.com/spreadsheets/d/1BsfQQcO9C6DZCsRaXUlFlo91Tg2WpOkGARC1WS5S8t0/edit?usp=sharing), generated with kicad-footprint-generator")
    (tags capacitor)
    (path /5E56E5FF)
    (attr smd)
    (fp_text reference C6 (at -2.25 0 180) (layer F.SilkS)
      (effects (font (size 1 1) (thickness 0.15)))
    )
    (fp_text value 4.7u (at 0 1.65 270) (layer F.Fab)
      (effects (font (size 1 1) (thickness 0.15)))
    )
    (fp_text user %R (at 0 0 270) (layer F.Fab)
      (effects (font (size 0.5 0.5) (thickness 0.08)))
    )
    (fp_line (start 1.68 0.95) (end -1.68 0.95) (layer F.CrtYd) (width 0.05))
    (fp_line (start 1.68 -0.95) (end 1.68 0.95) (layer F.CrtYd) (width 0.05))
    (fp_line (start -1.68 -0.95) (end 1.68 -0.95) (layer F.CrtYd) (width 0.05))
    (fp_line (start -1.68 0.95) (end -1.68 -0.95) (layer F.CrtYd) (width 0.05))
    (fp_line (start -0.258578 0.71) (end 0.258578 0.71) (layer F.SilkS) (width 0.12))
    (fp_line (start -0.258578 -0.71) (end 0.258578 -0.71) (layer F.SilkS) (width 0.12))
    (fp_line (start 1 0.6) (end -1 0.6) (layer F.Fab) (width 0.1))
    (fp_line (start 1 -0.6) (end 1 0.6) (layer F.Fab) (width 0.1))
