(kicad_pcb (version 20171130) (host pcbnew "(5.1.5)-3")

  (general
    (thickness 1.6)
    (drawings 1)
    (tracks 431)
    (zones 0)
    (modules 83)
    (nets 73)
  )

  (page A4)
  (layers
    (0 F.Cu signal)
    (31 B.Cu signal)
    (32 B.Adhes user)
    (33 F.Adhes user)
    (34 B.Paste user)
    (35 F.Paste user)
    (36 B.SilkS user)
    (37 F.SilkS user)
    (38 B.Mask user)
    (39 F.Mask user)
    (40 Dwgs.User user)
    (41 Cmts.User user)
    (42 Eco1.User user)
    (43 Eco2.User user)
    (44 Edge.Cuts user)
    (45 Margin user)
    (46 B.CrtYd user)
    (47 F.CrtYd user)
    (48 B.Fab user)
    (49 F.Fab user)
  )

  (setup
    (last_trace_width 0.25)
    (user_trace_width 0.175)
    (user_trace_width 0.2)
    (trace_clearance 0.2)
    (zone_clearance 0.508)
    (zone_45_only no)
    (trace_min 0.1)
    (via_size 0.8)
    (via_drill 0.4)
    (via_min_size 0.4)
    (via_min_drill 0.3)
    (uvia_size 0.3)
    (uvia_drill 0.1)
    (uvias_allowed no)
    (uvia_min_size 0.2)
    (uvia_min_drill 0.1)
    (edge_width 0.05)
    (segment_width 0.2)
    (pcb_text_width 0.3)
    (pcb_text_size 1.5 1.5)
    (mod_edge_width 0.12)
    (mod_text_size 1 1)
    (mod_text_width 0.15)
    (pad_size 1.524 1.524)
    (pad_drill 0.762)
    (pad_to_mask_clearance 0.051)
    (solder_mask_min_width 0.25)
    (aux_axis_origin 0 0)
    (visible_elements 7FFFFFFF)
    (pcbplotparams
      (layerselection 0x010fc_ffffffff)
      (usegerberextensions false)
      (usegerberattributes false)
      (usegerberadvancedattributes false)
      (creategerberjobfile false)
      (excludeedgelayer true)
      (linewidth 0.100000)
      (plotframeref false)
      (viasonmask false)
      (mode 1)
      (useauxorigin false)
      (hpglpennumber 1)
      (hpglpenspeed 20)
      (hpglpendiameter 15.000000)
      (psnegative false)
      (psa4output false)
      (plotreference true)
      (plotvalue true)
      (plotinvisibletext false)
      (padsonsilk false)
      (subtractmaskfromsilk false)
      (outputformat 1)
      (mirror false)
      (drillshape 1)
      (scaleselection 1)
      (outputdirectory ""))
  )

  (net 0 "")
  (net 1 "Net-(C1-Pad1)")
  (net 2 GND)
  (net 3 "Net-(C2-Pad1)")
  (net 4 +3V3)
  (net 5 VCC)
  (net 6 "Net-(D1-Pad1)")
  (net 7 "Net-(D2-Pad1)")
  (net 8 "Net-(D3-Pad1)")
  (net 9 "Net-(D4-Pad1)")
  (net 10 "Net-(D5-Pad1)")
  (net 11 "Net-(D6-Pad1)")
  (net 12 "Net-(D7-Pad1)")
  (net 13 "Net-(D8-Pad1)")
  (net 14 "Net-(D9-Pad1)")
  (net 15 "Net-(D10-Pad1)")
  (net 16 "Net-(D11-Pad1)")
  (net 17 "Net-(D12-Pad1)")
  (net 18 "Net-(D13-Pad1)")
  (net 19 "Net-(D14-Pad1)")
  (net 20 "Net-(D15-Pad1)")
  (net 21 "Net-(D16-Pad1)")
  (net 22 "Net-(D17-Pad1)")
  (net 23 "Net-(D18-Pad1)")
  (net 24 "Net-(D19-Pad1)")
  (net 25 "Net-(D20-Pad1)")
  (net 26 "Net-(D21-Pad1)")
  (net 27 "Net-(D22-Pad1)")
  (net 28 "Net-(D23-Pad1)")
  (net 29 "Net-(D24-Pad1)")
  (net 30 "Net-(D25-Pad1)")
  (net 31 "Net-(D26-Pad1)")
  (net 32 "Net-(D27-Pad1)")
  (net 33 "Net-(D28-Pad1)")
  (net 34 "Net-(D29-Pad1)")
  (net 35 "Net-(D30-Pad1)")
  (net 36 "Net-(D31-Pad1)")
  (net 37 "Net-(D32-Pad1)")
  (net 38 "Net-(D33-Pad1)")
  (net 39 "Net-(D34-Pad1)")
  (net 40 "Net-(D35-Pad1)")
  (net 41 "Net-(D36-Pad1)")
  (net 42 /D-)
  (net 43 /D+)
  (net 44 "Net-(J1-PadB5)")
  (net 45 "Net-(J1-PadA5)")
  (net 46 VBUS)
  (net 47 "Net-(R4-Pad1)")
  (net 48 "Net-(R5-Pad1)")
  (net 49 /SDA)
  (net 50 /SCL)
  (net 51 "Net-(C7-Pad1)")
  (net 52 "Net-(D37-Pad1)")
  (net 53 "Net-(R7-Pad1)")
  (net 54 "Net-(R8-Pad2)")
  (net 55 /BUTTON1)
  (net 56 /BUTTON2)
  (net 57 /BUTTON3)
  (net 58 /BUTTON4)
  (net 59 /BUTTON5)
  (net 60 /BUTTON6)
  (net 61 /QSPI_CS)
  (net 62 /QSPI_D1)
  (net 63 /QSPI_D2)
  (net 64 /QSPI_D0)
  (net 65 /QSPI_SCK)
  (net 66 /QSPI_D3)
  (net 67 /SWD)
  (net 68 /SWC)
  (net 69 /SWO)
  (net 70 /RESET)
  (net 71 "Net-(C11-Pad1)")
  (net 72 "Net-(C12-Pad1)")

  (net_class Default "This is the default net class."
    (clearance 0.2)
    (trace_width 0.25)
    (via_dia 0.8)
    (via_drill 0.4)
    (uvia_dia 0.3)
    (uvia_drill 0.1)
    (add_net +3V3)
    (add_net /BUTTON1)
    (add_net /BUTTON2)
    (add_net /BUTTON3)
    (add_net /BUTTON4)
    (add_net /BUTTON5)
    (add_net /BUTTON6)
    (add_net /D+)
    (add_net /D-)
    (add_net /QSPI_CS)
    (add_net /QSPI_D0)
    (add_net /QSPI_D1)
    (add_net /QSPI_D2)
    (add_net /QSPI_D3)
    (add_net /QSPI_SCK)
    (add_net /RESET)
    (add_net /SCL)
    (add_net /SDA)
    (add_net /SWC)
    (add_net /SWD)
    (add_net /SWO)
    (add_net GND)
    (add_net "Net-(C1-Pad1)")
    (add_net "Net-(C11-Pad1)")
    (add_net "Net-(C12-Pad1)")
    (add_net "Net-(C2-Pad1)")
    (add_net "Net-(C7-Pad1)")
    (add_net "Net-(D1-Pad1)")
    (add_net "Net-(D10-Pad1)")
    (add_net "Net-(D11-Pad1)")
    (add_net "Net-(D12-Pad1)")
    (add_net "Net-(D13-Pad1)")
    (add_net "Net-(D14-Pad1)")
    (add_net "Net-(D15-Pad1)")
    (add_net "Net-(D16-Pad1)")
    (add_net "Net-(D17-Pad1)")
    (add_net "Net-(D18-Pad1)")
    (add_net "Net-(D19-Pad1)")
    (add_net "Net-(D2-Pad1)")
    (add_net "Net-(D20-Pad1)")
    (add_net "Net-(D21-Pad1)")
    (add_net "Net-(D22-Pad1)")
    (add_net "Net-(D23-Pad1)")
    (add_net "Net-(D24-Pad1)")
    (add_net "Net-(D25-Pad1)")
    (add_net "Net-(D26-Pad1)")
    (add_net "Net-(D27-Pad1)")
    (add_net "Net-(D28-Pad1)")
    (add_net "Net-(D29-Pad1)")
    (add_net "Net-(D3-Pad1)")
    (add_net "Net-(D30-Pad1)")
    (add_net "Net-(D31-Pad1)")
    (add_net "Net-(D32-Pad1)")
    (add_net "Net-(D33-Pad1)")
    (add_net "Net-(D34-Pad1)")
    (add_net "Net-(D35-Pad1)")
    (add_net "Net-(D36-Pad1)")
    (add_net "Net-(D37-Pad1)")
    (add_net "Net-(D4-Pad1)")
    (add_net "Net-(D5-Pad1)")
    (add_net "Net-(D6-Pad1)")
    (add_net "Net-(D7-Pad1)")
    (add_net "Net-(D8-Pad1)")
    (add_net "Net-(D9-Pad1)")
    (add_net "Net-(J1-PadA5)")
    (add_net "Net-(J1-PadB5)")
    (add_net "Net-(R4-Pad1)")
    (add_net "Net-(R5-Pad1)")
    (add_net "Net-(R7-Pad1)")
    (add_net "Net-(R8-Pad2)")
    (add_net VBUS)
    (add_net VCC)
  )

  (module Connector_PinHeader_1.27mm:PinHeader_2x05_P1.27mm_Vertical_SMD (layer B.Cu) (tedit 59FED6E3) (tstamp 5E24BDE3)
    (at 88.25 52.75)
    (descr "surface-mounted straight pin header, 2x05, 1.27mm pitch, double rows")
    (tags "Surface mounted pin header SMD 2x05 1.27mm double row")
    (path /5E5DD8F7)
    (attr smd)
    (fp_text reference J3 (at 0 4.235) (layer B.SilkS)
      (effects (font (size 1 1) (thickness 0.15)) (justify mirror))
    )
    (fp_text value Conn_ARM_JTAG_SWD_10 (at 0 -4.235) (layer B.Fab)
      (effects (font (size 1 1) (thickness 0.15)) (justify mirror))
    )
    (fp_line (start 1.705 -3.175) (end -1.705 -3.175) (layer B.Fab) (width 0.1))
    (fp_line (start -1.27 3.175) (end 1.705 3.175) (layer B.Fab) (width 0.1))
    (fp_line (start -1.705 -3.175) (end -1.705 2.74) (layer B.Fab) (width 0.1))
    (fp_line (start -1.705 2.74) (end -1.27 3.175) (layer B.Fab) (width 0.1))
    (fp_line (start 1.705 3.175) (end 1.705 -3.175) (layer B.Fab) (width 0.1))
    (fp_line (start -1.705 2.74) (end -2.75 2.74) (layer B.Fab) (width 0.1))
    (fp_line (start -2.75 2.74) (end -2.75 2.34) (layer B.Fab) (width 0.1))
    (fp_line (start -2.75 2.34) (end -1.705 2.34) (layer B.Fab) (width 0.1))
    (fp_line (start 1.705 2.74) (end 2.75 2.74) (layer B.Fab) (width 0.1))
    (fp_line (start 2.75 2.74) (end 2.75 2.34) (layer B.Fab) (width 0.1))
    (fp_line (start 2.75 2.34) (end 1.705 2.34) (layer B.Fab) (width 0.1))
    (fp_line (start -1.705 1.47) (end -2.75 1.47) (layer B.Fab) (width 0.1))
    (fp_line (start -2.75 1.47) (end -2.75 1.07) (layer B.Fab) (width 0.1))
    (fp_line (start -2.75 1.07) (end -1.705 1.07) (layer B.Fab) (width 0.1))
    (fp_line (start 1.705 1.47) (end 2.75 1.47) (layer B.Fab) (width 0.1))
    (fp_line (start 2.75 1.47) (end 2.75 1.07) (layer B.Fab) (width 0.1))
    (fp_line (start 2.75 1.07) (end 1.705 1.07) (layer B.Fab) (width 0.1))
    (fp_line (start -1.705 0.2) (end -2.75 0.2) (layer B.Fab) (width 0.1))
    (fp_line (start -2.75 0.2) (end -2.75 -0.2) (layer B.Fab) (width 0.1))
    (fp_line (start -2.75 -0.2) (end -1.705 -0.2) (layer B.Fab) (width 0.1))
    (fp_line (start 1.705 0.2) (end 2.75 0.2) (layer B.Fab) (width 0.1))
    (fp_line (start 2.75 0.2) (end 2.75 -0.2) (layer B.Fab) (width 0.1))
    (fp_line (start 2.75 -0.2) (end 1.705 -0.2) (layer B.Fab) (width 0.1))
    (fp_line (start -1.705 -1.07) (end -2.75 -1.07) (layer B.Fab) (width 0.1))
    (fp_line (start -2.75 -1.07) (end -2.75 -1.47) (layer B.Fab) (width 0.1))
    (fp_line (start -2.75 -1.47) (end -1.705 -1.47) (layer B.Fab) (width 0.1))
    (fp_line (start 1.705 -1.07) (end 2.75 -1.07) (layer B.Fab) (width 0.1))
    (fp_line (start 2.75 -1.07) (end 2.75 -1.47) (layer B.Fab) (width 0.1))
    (fp_line (start 2.75 -1.47) (end 1.705 -1.47) (layer B.Fab) (width 0.1))
    (fp_line (start -1.705 -2.34) (end -2.75 -2.34) (layer B.Fab) (width 0.1))
    (fp_line (start -2.75 -2.34) (end -2.75 -2.74) (layer B.Fab) (width 0.1))
    (fp_line (start -2.75 -2.74) (end -1.705 -2.74) (layer B.Fab) (width 0.1))
    (fp_line (start 1.705 -2.34) (end 2.75 -2.34) (layer B.Fab) (width 0.1))
    (fp_line (start 2.75 -2.34) (end 2.75 -2.74) (layer B.Fab) (width 0.1))
    (fp_line (start 2.75 -2.74) (end 1.705 -2.74) (layer B.Fab) (width 0.1))
    (fp_line (start -1.765 3.235) (end 1.765 3.235) (layer B.SilkS) (width 0.12))
    (fp_line (start -1.765 -3.235) (end 1.765 -3.235) (layer B.SilkS) (width 0.12))
    (fp_line (start -3.09 3.17) (end -1.765 3.17) (layer B.SilkS) (width 0.12))
    (fp_line (start -1.765 3.235) (end -1.765 3.17) (layer B.SilkS) (width 0.12))
    (fp_line (start 1.765 3.235) (end 1.765 3.17) (layer B.SilkS) (width 0.12))
    (fp_line (start -1.765 -3.17) (end -1.765 -3.235) (layer B.SilkS) (width 0.12))
    (fp_line (start 1.765 -3.17) (end 1.765 -3.235) (layer B.SilkS) (width 0.12))
    (fp_line (start -4.3 3.7) (end -4.3 -3.7) (layer B.CrtYd) (width 0.05))
    (fp_line (start -4.3 -3.7) (end 4.3 -3.7) (layer B.CrtYd) (width 0.05))
    (fp_line (start 4.3 -3.7) (end 4.3 3.7) (layer B.CrtYd) (width 0.05))
    (fp_line (start 4.3 3.7) (end -4.3 3.7) (layer B.CrtYd) (width 0.05))
    (fp_text user %R (at 0 0 270) (layer B.Fab)
      (effects (font (size 1 1) (thickness 0.15)) (justify mirror))
    )
    (pad 1 smd rect (at -1.95 2.54) (size 2.4 0.74) (layers B.Cu B.Paste B.Mask)
      (net 4 +3V3))
    (pad 2 smd rect (at 1.95 2.54) (size 2.4 0.74) (layers B.Cu B.Paste B.Mask)
      (net 67 /SWD))
    (pad 3 smd rect (at -1.95 1.27) (size 2.4 0.74) (layers B.Cu B.Paste B.Mask)
      (net 2 GND))
    (pad 4 smd rect (at 1.95 1.27) (size 2.4 0.74) (layers B.Cu B.Paste B.Mask)
      (net 68 /SWC))
    (pad 5 smd rect (at -1.95 0) (size 2.4 0.74) (layers B.Cu B.Paste B.Mask)
      (net 2 GND))
    (pad 6 smd rect (at 1.95 0) (size 2.4 0.74) (layers B.Cu B.Paste B.Mask)
      (net 69 /SWO))
    (pad 7 smd rect (at -1.95 -1.27) (size 2.4 0.74) (layers B.Cu B.Paste B.Mask))
    (pad 8 smd rect (at 1.95 -1.27) (size 2.4 0.74) (layers B.Cu B.Paste B.Mask))
    (pad 9 smd rect (at -1.95 -2.54) (size 2.4 0.74) (layers B.Cu B.Paste B.Mask)
      (net 2 GND))
    (pad 10 smd rect (at 1.95 -2.54) (size 2.4 0.74) (layers B.Cu B.Paste B.Mask)
      (net 70 /RESET))
    (model ${KISYS3DMOD}/Connector_PinHeader_1.27mm.3dshapes/PinHeader_2x05_P1.27mm_Vertical_SMD.wrl
      (at (xyz 0 0 0))
      (scale (xyz 1 1 1))
      (rotate (xyz 0 0 0))
    )
  )

  (module Resistor_SMD:R_0603_1608Metric (layer B.Cu) (tedit 5B301BBD) (tstamp 5E24E1A2)
    (at 41.75 67.75 270)
    (descr "Resistor SMD 0603 (1608 Metric), square (rectangular) end terminal, IPC_7351 nominal, (Body size source: http://www.tortai-tech.com/upload/download/2011102023233369053.pdf), generated with kicad-footprint-generator")
    (tags resistor)
    (path /5E506E67)
    (attr smd)
    (fp_text reference R7 (at 0 1.43 90) (layer B.SilkS)
      (effects (font (size 1 1) (thickness 0.15)) (justify mirror))
    )
    (fp_text value 2K (at 0 -1.43 90) (layer B.Fab)
      (effects (font (size 1 1) (thickness 0.15)) (justify mirror))
    )
    (fp_line (start -0.8 -0.4) (end -0.8 0.4) (layer B.Fab) (width 0.1))
    (fp_line (start -0.8 0.4) (end 0.8 0.4) (layer B.Fab) (width 0.1))
    (fp_line (start 0.8 0.4) (end 0.8 -0.4) (layer B.Fab) (width 0.1))
    (fp_line (start 0.8 -0.4) (end -0.8 -0.4) (layer B.Fab) (width 0.1))
    (fp_line (start -0.162779 0.51) (end 0.162779 0.51) (layer B.SilkS) (width 0.12))
    (fp_line (start -0.162779 -0.51) (end 0.162779 -0.51) (layer B.SilkS) (width 0.12))
    (fp_line (start -1.48 -0.73) (end -1.48 0.73) (layer B.CrtYd) (width 0.05))
    (fp_line (start -1.48 0.73) (end 1.48 0.73) (layer B.CrtYd) (width 0.05))
    (fp_line (start 1.48 0.73) (end 1.48 -0.73) (layer B.CrtYd) (width 0.05))
    (fp_line (start 1.48 -0.73) (end -1.48 -0.73) (layer B.CrtYd) (width 0.05))
    (fp_text user %R (at 0 0 90) (layer B.Fab)
      (effects (font (size 0.4 0.4) (thickness 0.06)) (justify mirror))
    )
    (pad 1 smd roundrect (at -0.7875 0 270) (size 0.875 0.95) (layers B.Cu B.Paste B.Mask) (roundrect_rratio 0.25)
      (net 53 "Net-(R7-Pad1)"))
    (pad 2 smd roundrect (at 0.7875 0 270) (size 0.875 0.95) (layers B.Cu B.Paste B.Mask) (roundrect_rratio 0.25)
      (net 2 GND))
    (model ${KISYS3DMOD}/Resistor_SMD.3dshapes/R_0603_1608Metric.wrl
      (at (xyz 0 0 0))
      (scale (xyz 1 1 1))
      (rotate (xyz 0 0 0))
    )
  )

  (module Capacitor_SMD:C_0603_1608Metric (layer F.Cu) (tedit 5B301BBE) (tstamp 5E085BE4)
    (at 50 40)
    (descr "Capacitor SMD 0603 (1608 Metric), square (rectangular) end terminal, IPC_7351 nominal, (Body size source: http://www.tortai-tech.com/upload/download/2011102023233369053.pdf), generated with kicad-footprint-generator")
    (tags capacitor)
    (path /5E13DD33)
    (attr smd)
    (fp_text reference C3 (at 0 -1.43) (layer F.SilkS) hide
      (effects (font (size 1 1) (thickness 0.15)))
    )
    (fp_text value 100n (at 0 1.43) (layer F.Fab)
      (effects (font (size 1 1) (thickness 0.15)))
    )
    (fp_text user %R (at 0 0) (layer F.Fab)
      (effects (font (size 0.4 0.4) (thickness 0.06)))
    )
    (fp_line (start 1.48 0.73) (end -1.48 0.73) (layer F.CrtYd) (width 0.05))
    (fp_line (start 1.48 -0.73) (end 1.48 0.73) (layer F.CrtYd) (width 0.05))
    (fp_line (start -1.48 -0.73) (end 1.48 -0.73) (layer F.CrtYd) (width 0.05))
    (fp_line (start -1.48 0.73) (end -1.48 -0.73) (layer F.CrtYd) (width 0.05))
    (fp_line (start -0.162779 0.51) (end 0.162779 0.51) (layer F.SilkS) (width 0.12))
    (fp_line (start -0.162779 -0.51) (end 0.162779 -0.51) (layer F.SilkS) (width 0.12))
    (fp_line (start 0.8 0.4) (end -0.8 0.4) (layer F.Fab) (width 0.1))
    (fp_line (start 0.8 -0.4) (end 0.8 0.4) (layer F.Fab) (width 0.1))
    (fp_line (start -0.8 -0.4) (end 0.8 -0.4) (layer F.Fab) (width 0.1))
    (fp_line (start -0.8 0.4) (end -0.8 -0.4) (layer F.Fab) (width 0.1))
    (pad 2 smd roundrect (at 0.7875 0) (size 0.875 0.95) (layers F.Cu F.Paste F.Mask) (roundrect_rratio 0.25)
      (net 2 GND))
    (pad 1 smd roundrect (at -0.7875 0) (size 0.875 0.95) (layers F.Cu F.Paste F.Mask) (roundrect_rratio 0.25)
      (net 4 +3V3))
    (model ${KISYS3DMOD}/Capacitor_SMD.3dshapes/C_0603_1608Metric.wrl
      (at (xyz 0 0 0))
      (scale (xyz 1 1 1))
      (rotate (xyz 0 0 0))
    )
  )

  (module buddy-compass-parts:QFN-44-1EP_5x5mm_P0.4mm_EP2.45x2.45mm (layer F.Cu) (tedit 5E07AD5A) (tstamp 5E16C40B)
    (at 50 50)
    (descr "QFN, 44 Pin (http://ww1.microchip.com/downloads/en/DeviceDoc/2512S.pdf#page=17), generated with kicad-footprint-generator ipc_noLead_generator.py")
    (tags "QFN NoLead")
    (path /5E07A654)
    (attr smd)
    (fp_text reference U5 (at 0 -3.82) (layer F.SilkS) hide
      (effects (font (size 1 1) (thickness 0.15)))
    )
    (fp_text value IS31FL3236A (at 0 3.82) (layer F.Fab)
      (effects (font (size 1 1) (thickness 0.15)))
    )
    (fp_line (start 2.36 -2.61) (end 2.61 -2.61) (layer F.SilkS) (width 0.12))
    (fp_line (start 2.61 -2.61) (end 2.61 -2.36) (layer F.SilkS) (width 0.12))
    (fp_line (start -2.36 2.61) (end -2.61 2.61) (layer F.SilkS) (width 0.12))
    (fp_line (start -2.61 2.61) (end -2.61 2.36) (layer F.SilkS) (width 0.12))
    (fp_line (start 2.36 2.61) (end 2.61 2.61) (layer F.SilkS) (width 0.12))
    (fp_line (start 2.61 2.61) (end 2.61 2.36) (layer F.SilkS) (width 0.12))
    (fp_line (start -2.36 -2.61) (end -2.61 -2.61) (layer F.SilkS) (width 0.12))
    (fp_line (start -1.5 -2.5) (end 2.5 -2.5) (layer F.Fab) (width 0.1))
    (fp_line (start 2.5 -2.5) (end 2.5 2.5) (layer F.Fab) (width 0.1))
    (fp_line (start 2.5 2.5) (end -2.5 2.5) (layer F.Fab) (width 0.1))
    (fp_line (start -2.5 2.5) (end -2.5 -1.5) (layer F.Fab) (width 0.1))
    (fp_line (start -2.5 -1.5) (end -1.5 -2.5) (layer F.Fab) (width 0.1))
    (fp_line (start -3.12 -3.12) (end -3.12 3.12) (layer F.CrtYd) (width 0.05))
    (fp_line (start -3.12 3.12) (end 3.12 3.12) (layer F.CrtYd) (width 0.05))
    (fp_line (start 3.12 3.12) (end 3.12 -3.12) (layer F.CrtYd) (width 0.05))
    (fp_line (start 3.12 -3.12) (end -3.12 -3.12) (layer F.CrtYd) (width 0.05))
    (fp_text user %R (at 0 0) (layer F.Fab)
      (effects (font (size 1 1) (thickness 0.15)))
    )
    (pad 45 smd roundrect (at 0 0) (size 2.45 2.45) (layers F.Cu F.Mask) (roundrect_rratio 0.102041)
      (net 2 GND))
    (pad "" smd roundrect (at -0.61 -0.61) (size 0.99 0.99) (layers F.Paste) (roundrect_rratio 0.25))
    (pad "" smd roundrect (at -0.61 0.61) (size 0.99 0.99) (layers F.Paste) (roundrect_rratio 0.25))
    (pad "" smd roundrect (at 0.61 -0.61) (size 0.99 0.99) (layers F.Paste) (roundrect_rratio 0.25))
    (pad "" smd roundrect (at 0.61 0.61) (size 0.99 0.99) (layers F.Paste) (roundrect_rratio 0.25))
    (pad 1 smd roundrect (at -2.5375 -2) (size 0.675 0.2) (layers F.Cu F.Paste F.Mask) (roundrect_rratio 0.25)
      (net 39 "Net-(D34-Pad1)"))
    (pad 2 smd roundrect (at -2.4375 -1.6) (size 0.875 0.2) (layers F.Cu F.Paste F.Mask) (roundrect_rratio 0.25)
      (net 38 "Net-(D33-Pad1)"))
    (pad 3 smd roundrect (at -2.4375 -1.2) (size 0.875 0.2) (layers F.Cu F.Paste F.Mask) (roundrect_rratio 0.25)
      (net 37 "Net-(D32-Pad1)"))
    (pad 4 smd roundrect (at -2.4375 -0.8) (size 0.875 0.2) (layers F.Cu F.Paste F.Mask) (roundrect_rratio 0.25)
      (net 36 "Net-(D31-Pad1)"))
    (pad 5 smd roundrect (at -2.4375 -0.4) (size 0.875 0.2) (layers F.Cu F.Paste F.Mask) (roundrect_rratio 0.25)
      (net 35 "Net-(D30-Pad1)"))
    (pad 6 smd roundrect (at -2.4375 0) (size 0.875 0.2) (layers F.Cu F.Paste F.Mask) (roundrect_rratio 0.25)
      (net 34 "Net-(D29-Pad1)"))
    (pad 7 smd roundrect (at -2.4375 0.4) (size 0.875 0.2) (layers F.Cu F.Paste F.Mask) (roundrect_rratio 0.25)
      (net 33 "Net-(D28-Pad1)"))
    (pad 8 smd roundrect (at -2.4375 0.8) (size 0.875 0.2) (layers F.Cu F.Paste F.Mask) (roundrect_rratio 0.25)
      (net 32 "Net-(D27-Pad1)"))
    (pad 9 smd roundrect (at -2.4375 1.2) (size 0.875 0.2) (layers F.Cu F.Paste F.Mask) (roundrect_rratio 0.25)
      (net 31 "Net-(D26-Pad1)"))
    (pad 10 smd roundrect (at -2.4375 1.6) (size 0.875 0.2) (layers F.Cu F.Paste F.Mask) (roundrect_rratio 0.25)
      (net 30 "Net-(D25-Pad1)"))
    (pad 11 smd roundrect (at -2.5375 2) (size 0.675 0.2) (layers F.Cu F.Paste F.Mask) (roundrect_rratio 0.25)
      (net 29 "Net-(D24-Pad1)"))
    (pad 12 smd roundrect (at -2 2.5375) (size 0.2 0.675) (layers F.Cu F.Paste F.Mask) (roundrect_rratio 0.25)
      (net 28 "Net-(D23-Pad1)"))
    (pad 13 smd roundrect (at -1.6 2.4375) (size 0.2 0.875) (layers F.Cu F.Paste F.Mask) (roundrect_rratio 0.25)
      (net 27 "Net-(D22-Pad1)"))
    (pad 14 smd roundrect (at -1.2 2.4375) (size 0.2 0.875) (layers F.Cu F.Paste F.Mask) (roundrect_rratio 0.25)
      (net 26 "Net-(D21-Pad1)"))
    (pad 15 smd roundrect (at -0.8 2.4375) (size 0.2 0.875) (layers F.Cu F.Paste F.Mask) (roundrect_rratio 0.25)
      (net 25 "Net-(D20-Pad1)"))
    (pad 16 smd roundrect (at -0.4 2.4375) (size 0.2 0.875) (layers F.Cu F.Paste F.Mask) (roundrect_rratio 0.25)
      (net 24 "Net-(D19-Pad1)"))
    (pad 17 smd roundrect (at 0 2.4375) (size 0.2 0.875) (layers F.Cu F.Paste F.Mask) (roundrect_rratio 0.25)
      (net 2 GND))
    (pad 18 smd roundrect (at 0.4 2.4375) (size 0.2 0.875) (layers F.Cu F.Paste F.Mask) (roundrect_rratio 0.25)
      (net 23 "Net-(D18-Pad1)"))
    (pad 19 smd roundrect (at 0.8 2.4375) (size 0.2 0.875) (layers F.Cu F.Paste F.Mask) (roundrect_rratio 0.25)
      (net 22 "Net-(D17-Pad1)"))
    (pad 20 smd roundrect (at 1.2 2.4375) (size 0.2 0.875) (layers F.Cu F.Paste F.Mask) (roundrect_rratio 0.25)
      (net 21 "Net-(D16-Pad1)"))
    (pad 21 smd roundrect (at 1.6 2.4375) (size 0.2 0.875) (layers F.Cu F.Paste F.Mask) (roundrect_rratio 0.25)
      (net 20 "Net-(D15-Pad1)"))
    (pad 22 smd roundrect (at 2 2.5375) (size 0.2 0.675) (layers F.Cu F.Paste F.Mask) (roundrect_rratio 0.25)
      (net 19 "Net-(D14-Pad1)"))
    (pad 23 smd roundrect (at 2.5375 2) (size 0.675 0.2) (layers F.Cu F.Paste F.Mask) (roundrect_rratio 0.25)
      (net 18 "Net-(D13-Pad1)"))
    (pad 24 smd roundrect (at 2.4375 1.6) (size 0.875 0.2) (layers F.Cu F.Paste F.Mask) (roundrect_rratio 0.25)
      (net 17 "Net-(D12-Pad1)"))
    (pad 25 smd roundrect (at 2.4375 1.2) (size 0.875 0.2) (layers F.Cu F.Paste F.Mask) (roundrect_rratio 0.25)
      (net 16 "Net-(D11-Pad1)"))
    (pad 26 smd roundrect (at 2.4375 0.8) (size 0.875 0.2) (layers F.Cu F.Paste F.Mask) (roundrect_rratio 0.25)
      (net 15 "Net-(D10-Pad1)"))
    (pad 27 smd roundrect (at 2.4375 0.4) (size 0.875 0.2) (layers F.Cu F.Paste F.Mask) (roundrect_rratio 0.25)
      (net 14 "Net-(D9-Pad1)"))
    (pad 28 smd roundrect (at 2.4375 0) (size 0.875 0.2) (layers F.Cu F.Paste F.Mask) (roundrect_rratio 0.25)
      (net 13 "Net-(D8-Pad1)"))
    (pad 29 smd roundrect (at 2.4375 -0.4) (size 0.875 0.2) (layers F.Cu F.Paste F.Mask) (roundrect_rratio 0.25)
      (net 12 "Net-(D7-Pad1)"))
    (pad 30 smd roundrect (at 2.4375 -0.8) (size 0.875 0.2) (layers F.Cu F.Paste F.Mask) (roundrect_rratio 0.25)
      (net 11 "Net-(D6-Pad1)"))
    (pad 31 smd roundrect (at 2.4375 -1.2) (size 0.875 0.2) (layers F.Cu F.Paste F.Mask) (roundrect_rratio 0.25)
      (net 10 "Net-(D5-Pad1)"))
    (pad 32 smd roundrect (at 2.4375 -1.6) (size 0.875 0.2) (layers F.Cu F.Paste F.Mask) (roundrect_rratio 0.25)
      (net 9 "Net-(D4-Pad1)"))
    (pad 33 smd roundrect (at 2.5375 -2) (size 0.675 0.2) (layers F.Cu F.Paste F.Mask) (roundrect_rratio 0.25)
      (net 8 "Net-(D3-Pad1)"))
    (pad 34 smd roundrect (at 2 -2.5375) (size 0.2 0.675) (layers F.Cu F.Paste F.Mask) (roundrect_rratio 0.25)
      (net 7 "Net-(D2-Pad1)"))
    (pad 35 smd roundrect (at 1.6 -2.4375) (size 0.2 0.875) (layers F.Cu F.Paste F.Mask) (roundrect_rratio 0.25)
      (net 6 "Net-(D1-Pad1)"))
    (pad 36 smd roundrect (at 1.2 -2.4375) (size 0.2 0.875) (layers F.Cu F.Paste F.Mask) (roundrect_rratio 0.25)
      (net 47 "Net-(R4-Pad1)"))
    (pad 37 smd roundrect (at 0.8 -2.4375) (size 0.2 0.875) (layers F.Cu F.Paste F.Mask) (roundrect_rratio 0.25)
      (net 2 GND))
    (pad 38 smd roundrect (at 0.4 -2.4375) (size 0.2 0.875) (layers F.Cu F.Paste F.Mask) (roundrect_rratio 0.25)
      (net 5 VCC))
    (pad 39 smd roundrect (at 0 -2.4375) (size 0.2 0.875) (layers F.Cu F.Paste F.Mask) (roundrect_rratio 0.25)
      (net 2 GND))
    (pad 40 smd roundrect (at -0.4 -2.4375) (size 0.2 0.875) (layers F.Cu F.Paste F.Mask) (roundrect_rratio 0.25)
      (net 48 "Net-(R5-Pad1)"))
    (pad 41 smd roundrect (at -0.8 -2.4375) (size 0.2 0.875) (layers F.Cu F.Paste F.Mask) (roundrect_rratio 0.25)
      (net 49 /SDA))
    (pad 42 smd roundrect (at -1.2 -2.4375) (size 0.2 0.875) (layers F.Cu F.Paste F.Mask) (roundrect_rratio 0.25)
      (net 50 /SCL))
    (pad 43 smd roundrect (at -1.6 -2.4375) (size 0.2 0.875) (layers F.Cu F.Paste F.Mask) (roundrect_rratio 0.25)
      (net 41 "Net-(D36-Pad1)"))
    (pad 44 smd roundrect (at -2 -2.5375) (size 0.2 0.675) (layers F.Cu F.Paste F.Mask) (roundrect_rratio 0.25)
      (net 40 "Net-(D35-Pad1)"))
    (model ${KISYS3DMOD}/Package_DFN_QFN.3dshapes/QFN-44-1EP_5x5mm_P0.4mm_EP2.45x2.45mm.wrl
      (at (xyz 0 0 0))
      (scale (xyz 1 1 1))
      (rotate (xyz 0 0 0))
    )
  )

  (module Resistor_SMD:R_0603_1608Metric (layer F.Cu) (tedit 5B301BBD) (tstamp 5E086ACA)
    (at 50 44 90)
    (descr "Resistor SMD 0603 (1608 Metric), square (rectangular) end terminal, IPC_7351 nominal, (Body size source: http://www.tortai-tech.com/upload/download/2011102023233369053.pdf), generated with kicad-footprint-generator")
    (tags resistor)
    (path /5E0AB5D8)
    (attr smd)
    (fp_text reference R5 (at 0 -1.43 90) (layer F.SilkS) hide
      (effects (font (size 1 1) (thickness 0.15)))
    )
    (fp_text value 3.3K (at 0 1.43 90) (layer F.Fab)
      (effects (font (size 1 1) (thickness 0.15)))
    )
    (fp_text user %R (at 0 0 90) (layer F.Fab)
      (effects (font (size 0.4 0.4) (thickness 0.06)))
    )
    (fp_line (start 1.48 0.73) (end -1.48 0.73) (layer F.CrtYd) (width 0.05))
    (fp_line (start 1.48 -0.73) (end 1.48 0.73) (layer F.CrtYd) (width 0.05))
    (fp_line (start -1.48 -0.73) (end 1.48 -0.73) (layer F.CrtYd) (width 0.05))
    (fp_line (start -1.48 0.73) (end -1.48 -0.73) (layer F.CrtYd) (width 0.05))
    (fp_line (start -0.162779 0.51) (end 0.162779 0.51) (layer F.SilkS) (width 0.12))
    (fp_line (start -0.162779 -0.51) (end 0.162779 -0.51) (layer F.SilkS) (width 0.12))
    (fp_line (start 0.8 0.4) (end -0.8 0.4) (layer F.Fab) (width 0.1))
    (fp_line (start 0.8 -0.4) (end 0.8 0.4) (layer F.Fab) (width 0.1))
    (fp_line (start -0.8 -0.4) (end 0.8 -0.4) (layer F.Fab) (width 0.1))
    (fp_line (start -0.8 0.4) (end -0.8 -0.4) (layer F.Fab) (width 0.1))
    (pad 2 smd roundrect (at 0.7875 0 90) (size 0.875 0.95) (layers F.Cu F.Paste F.Mask) (roundrect_rratio 0.25)
      (net 2 GND))
    (pad 1 smd roundrect (at -0.7875 0 90) (size 0.875 0.95) (layers F.Cu F.Paste F.Mask) (roundrect_rratio 0.25)
      (net 48 "Net-(R5-Pad1)"))
    (model ${KISYS3DMOD}/Resistor_SMD.3dshapes/R_0603_1608Metric.wrl
      (at (xyz 0 0 0))
      (scale (xyz 1 1 1))
      (rotate (xyz 0 0 0))
    )
  )

  (module Capacitor_SMD:C_0603_1608Metric (layer B.Cu) (tedit 5B301BBE) (tstamp 5E085BC2)
    (at 54.25 64 90)
    (descr "Capacitor SMD 0603 (1608 Metric), square (rectangular) end terminal, IPC_7351 nominal, (Body size source: http://www.tortai-tech.com/upload/download/2011102023233369053.pdf), generated with kicad-footprint-generator")
    (tags capacitor)
    (path /5E2036AE)
    (attr smd)
    (fp_text reference C1 (at 0 1.43 90) (layer B.SilkS)
      (effects (font (size 1 1) (thickness 0.15)) (justify mirror))
    )
    (fp_text value 100n (at 0 -1.43 90) (layer B.Fab)
      (effects (font (size 1 1) (thickness 0.15)) (justify mirror))
    )
    (fp_line (start -0.8 -0.4) (end -0.8 0.4) (layer B.Fab) (width 0.1))
    (fp_line (start -0.8 0.4) (end 0.8 0.4) (layer B.Fab) (width 0.1))
    (fp_line (start 0.8 0.4) (end 0.8 -0.4) (layer B.Fab) (width 0.1))
    (fp_line (start 0.8 -0.4) (end -0.8 -0.4) (layer B.Fab) (width 0.1))
    (fp_line (start -0.162779 0.51) (end 0.162779 0.51) (layer B.SilkS) (width 0.12))
    (fp_line (start -0.162779 -0.51) (end 0.162779 -0.51) (layer B.SilkS) (width 0.12))
    (fp_line (start -1.48 -0.73) (end -1.48 0.73) (layer B.CrtYd) (width 0.05))
    (fp_line (start -1.48 0.73) (end 1.48 0.73) (layer B.CrtYd) (width 0.05))
    (fp_line (start 1.48 0.73) (end 1.48 -0.73) (layer B.CrtYd) (width 0.05))
    (fp_line (start 1.48 -0.73) (end -1.48 -0.73) (layer B.CrtYd) (width 0.05))
    (fp_text user %R (at 0 0 90) (layer B.Fab)
      (effects (font (size 0.4 0.4) (thickness 0.06)) (justify mirror))
    )
    (pad 1 smd roundrect (at -0.7875 0 90) (size 0.875 0.95) (layers B.Cu B.Paste B.Mask) (roundrect_rratio 0.25)
      (net 1 "Net-(C1-Pad1)"))
    (pad 2 smd roundrect (at 0.7875 0 90) (size 0.875 0.95) (layers B.Cu B.Paste B.Mask) (roundrect_rratio 0.25)
      (net 2 GND))
    (model ${KISYS3DMOD}/Capacitor_SMD.3dshapes/C_0603_1608Metric.wrl
      (at (xyz 0 0 0))
      (scale (xyz 1 1 1))
      (rotate (xyz 0 0 0))
    )
  )

  (module Capacitor_SMD:C_0603_1608Metric (layer F.Cu) (tedit 5B301BBE) (tstamp 5E085BD3)
    (at 50 35 180)
    (descr "Capacitor SMD 0603 (1608 Metric), square (rectangular) end terminal, IPC_7351 nominal, (Body size source: http://www.tortai-tech.com/upload/download/2011102023233369053.pdf), generated with kicad-footprint-generator")
    (tags capacitor)
    (path /5E1086B3)
    (attr smd)
    (fp_text reference C2 (at 0 -1.43) (layer F.SilkS) hide
      (effects (font (size 1 1) (thickness 0.15)))
    )
    (fp_text value 220n (at 0 1.43) (layer F.Fab)
      (effects (font (size 1 1) (thickness 0.15)))
    )
    (fp_line (start -0.8 0.4) (end -0.8 -0.4) (layer F.Fab) (width 0.1))
    (fp_line (start -0.8 -0.4) (end 0.8 -0.4) (layer F.Fab) (width 0.1))
    (fp_line (start 0.8 -0.4) (end 0.8 0.4) (layer F.Fab) (width 0.1))
    (fp_line (start 0.8 0.4) (end -0.8 0.4) (layer F.Fab) (width 0.1))
    (fp_line (start -0.162779 -0.51) (end 0.162779 -0.51) (layer F.SilkS) (width 0.12))
    (fp_line (start -0.162779 0.51) (end 0.162779 0.51) (layer F.SilkS) (width 0.12))
    (fp_line (start -1.48 0.73) (end -1.48 -0.73) (layer F.CrtYd) (width 0.05))
    (fp_line (start -1.48 -0.73) (end 1.48 -0.73) (layer F.CrtYd) (width 0.05))
    (fp_line (start 1.48 -0.73) (end 1.48 0.73) (layer F.CrtYd) (width 0.05))
    (fp_line (start 1.48 0.73) (end -1.48 0.73) (layer F.CrtYd) (width 0.05))
    (fp_text user %R (at 0 0) (layer F.Fab)
      (effects (font (size 0.4 0.4) (thickness 0.06)))
    )
    (pad 1 smd roundrect (at -0.7875 0 180) (size 0.875 0.95) (layers F.Cu F.Paste F.Mask) (roundrect_rratio 0.25)
      (net 3 "Net-(C2-Pad1)"))
    (pad 2 smd roundrect (at 0.7875 0 180) (size 0.875 0.95) (layers F.Cu F.Paste F.Mask) (roundrect_rratio 0.25)
      (net 2 GND))
    (model ${KISYS3DMOD}/Capacitor_SMD.3dshapes/C_0603_1608Metric.wrl
      (at (xyz 0 0 0))
      (scale (xyz 1 1 1))
      (rotate (xyz 0 0 0))
    )
  )

  (module Capacitor_SMD:C_0603_1608Metric (layer F.Cu) (tedit 5B301BBE) (tstamp 5E085BF5)
    (at 48.25 44 90)
    (descr "Capacitor SMD 0603 (1608 Metric), square (rectangular) end terminal, IPC_7351 nominal, (Body size source: http://www.tortai-tech.com/upload/download/2011102023233369053.pdf), generated with kicad-footprint-generator")
    (tags capacitor)
    (path /5E0C3B59)
    (attr smd)
    (fp_text reference C4 (at 0 -1.43 90) (layer F.SilkS) hide
      (effects (font (size 1 1) (thickness 0.15)))
    )
    (fp_text value 1u (at 0 1.43 90) (layer F.Fab)
      (effects (font (size 1 1) (thickness 0.15)))
    )
    (fp_line (start -0.8 0.4) (end -0.8 -0.4) (layer F.Fab) (width 0.1))
    (fp_line (start -0.8 -0.4) (end 0.8 -0.4) (layer F.Fab) (width 0.1))
    (fp_line (start 0.8 -0.4) (end 0.8 0.4) (layer F.Fab) (width 0.1))
    (fp_line (start 0.8 0.4) (end -0.8 0.4) (layer F.Fab) (width 0.1))
    (fp_line (start -0.162779 -0.51) (end 0.162779 -0.51) (layer F.SilkS) (width 0.12))
    (fp_line (start -0.162779 0.51) (end 0.162779 0.51) (layer F.SilkS) (width 0.12))
    (fp_line (start -1.48 0.73) (end -1.48 -0.73) (layer F.CrtYd) (width 0.05))
    (fp_line (start -1.48 -0.73) (end 1.48 -0.73) (layer F.CrtYd) (width 0.05))
    (fp_line (start 1.48 -0.73) (end 1.48 0.73) (layer F.CrtYd) (width 0.05))
    (fp_line (start 1.48 0.73) (end -1.48 0.73) (layer F.CrtYd) (width 0.05))
    (fp_text user %R (at 0 0 90) (layer F.Fab)
      (effects (font (size 0.4 0.4) (thickness 0.06)))
    )
    (pad 1 smd roundrect (at -0.7875 0 90) (size 0.875 0.95) (layers F.Cu F.Paste F.Mask) (roundrect_rratio 0.25)
      (net 5 VCC))
    (pad 2 smd roundrect (at 0.7875 0 90) (size 0.875 0.95) (layers F.Cu F.Paste F.Mask) (roundrect_rratio 0.25)
      (net 2 GND))
    (model ${KISYS3DMOD}/Capacitor_SMD.3dshapes/C_0603_1608Metric.wrl
      (at (xyz 0 0 0))
      (scale (xyz 1 1 1))
      (rotate (xyz 0 0 0))
    )
  )

  (module Capacitor_SMD:C_0603_1608Metric (layer F.Cu) (tedit 5B301BBE) (tstamp 5E1714BA)
    (at 51.75 44 90)
    (descr "Capacitor SMD 0603 (1608 Metric), square (rectangular) end terminal, IPC_7351 nominal, (Body size source: http://www.tortai-tech.com/upload/download/2011102023233369053.pdf), generated with kicad-footprint-generator")
    (tags capacitor)
    (path /5E0C4BB9)
    (attr smd)
    (fp_text reference C5 (at 0 -1.43 90) (layer F.SilkS) hide
      (effects (font (size 1 1) (thickness 0.15)))
    )
    (fp_text value 100n (at 0 1.43 90) (layer F.Fab)
      (effects (font (size 1 1) (thickness 0.15)))
    )
    (fp_text user %R (at 0 0 90) (layer F.Fab)
      (effects (font (size 0.4 0.4) (thickness 0.06)))
    )
    (fp_line (start 1.48 0.73) (end -1.48 0.73) (layer F.CrtYd) (width 0.05))
    (fp_line (start 1.48 -0.73) (end 1.48 0.73) (layer F.CrtYd) (width 0.05))
    (fp_line (start -1.48 -0.73) (end 1.48 -0.73) (layer F.CrtYd) (width 0.05))
    (fp_line (start -1.48 0.73) (end -1.48 -0.73) (layer F.CrtYd) (width 0.05))
    (fp_line (start -0.162779 0.51) (end 0.162779 0.51) (layer F.SilkS) (width 0.12))
    (fp_line (start -0.162779 -0.51) (end 0.162779 -0.51) (layer F.SilkS) (width 0.12))
    (fp_line (start 0.8 0.4) (end -0.8 0.4) (layer F.Fab) (width 0.1))
    (fp_line (start 0.8 -0.4) (end 0.8 0.4) (layer F.Fab) (width 0.1))
    (fp_line (start -0.8 -0.4) (end 0.8 -0.4) (layer F.Fab) (width 0.1))
    (fp_line (start -0.8 0.4) (end -0.8 -0.4) (layer F.Fab) (width 0.1))
    (pad 2 smd roundrect (at 0.7875 0 90) (size 0.875 0.95) (layers F.Cu F.Paste F.Mask) (roundrect_rratio 0.25)
      (net 2 GND))
    (pad 1 smd roundrect (at -0.7875 0 90) (size 0.875 0.95) (layers F.Cu F.Paste F.Mask) (roundrect_rratio 0.25)
      (net 5 VCC))
    (model ${KISYS3DMOD}/Capacitor_SMD.3dshapes/C_0603_1608Metric.wrl
      (at (xyz 0 0 0))
      (scale (xyz 1 1 1))
      (rotate (xyz 0 0 0))
    )
  )

  (module LED_SMD:LED_0603_1608Metric (layer F.Cu) (tedit 5B301BBE) (tstamp 5E16EB35)
    (at 51.961004 27.585619 85)
    (descr "LED SMD 0603 (1608 Metric), square (rectangular) end terminal, IPC_7351 nominal, (Body size source: http://www.tortai-tech.com/upload/download/2011102023233369053.pdf), generated with kicad-footprint-generator")
    (tags diode)
    (path /5E08BBB4)
    (attr smd)
    (fp_text reference D1 (at 0 -1.43 85) (layer F.SilkS) hide
      (effects (font (size 1 1) (thickness 0.15)))
    )
    (fp_text value LED (at 0 1.43 85) (layer F.Fab)
      (effects (font (size 1 1) (thickness 0.15)))
    )
    (fp_text user %R (at 0 0 85) (layer F.Fab)
      (effects (font (size 0.4 0.4) (thickness 0.06)))
    )
    (fp_line (start 1.48 0.73) (end -1.48 0.73) (layer F.CrtYd) (width 0.05))
    (fp_line (start 1.48 -0.73) (end 1.48 0.73) (layer F.CrtYd) (width 0.05))
    (fp_line (start -1.48 -0.73) (end 1.48 -0.73) (layer F.CrtYd) (width 0.05))
    (fp_line (start -1.48 0.73) (end -1.48 -0.73) (layer F.CrtYd) (width 0.05))
    (fp_line (start -1.485 0.735) (end 0.8 0.735) (layer F.SilkS) (width 0.12))
    (fp_line (start -1.485 -0.735) (end -1.485 0.735) (layer F.SilkS) (width 0.12))
    (fp_line (start 0.8 -0.735) (end -1.485 -0.735) (layer F.SilkS) (width 0.12))
    (fp_line (start 0.8 0.4) (end 0.8 -0.4) (layer F.Fab) (width 0.1))
    (fp_line (start -0.8 0.4) (end 0.8 0.4) (layer F.Fab) (width 0.1))
    (fp_line (start -0.8 -0.1) (end -0.8 0.4) (layer F.Fab) (width 0.1))
    (fp_line (start -0.5 -0.4) (end -0.8 -0.1) (layer F.Fab) (width 0.1))
    (fp_line (start 0.8 -0.4) (end -0.5 -0.4) (layer F.Fab) (width 0.1))
    (pad 2 smd roundrect (at 0.7875 0 85) (size 0.875 0.95) (layers F.Cu F.Paste F.Mask) (roundrect_rratio 0.25)
      (net 5 VCC))
    (pad 1 smd roundrect (at -0.7875 0 85) (size 0.875 0.95) (layers F.Cu F.Paste F.Mask) (roundrect_rratio 0.25)
      (net 6 "Net-(D1-Pad1)"))
    (model ${KISYS3DMOD}/LED_SMD.3dshapes/LED_0603_1608Metric.wrl
      (at (xyz 0 0 0))
      (scale (xyz 1 1 1))
      (rotate (xyz 0 0 0))
    )
  )

  (module LED_SMD:LED_0603_1608Metric (layer F.Cu) (tedit 5B301BBE) (tstamp 5E16EA10)
    (at 65.909902 34.090097 45)
    (descr "LED SMD 0603 (1608 Metric), square (rectangular) end terminal, IPC_7351 nominal, (Body size source: http://www.tortai-tech.com/upload/download/2011102023233369053.pdf), generated with kicad-footprint-generator")
    (tags diode)
    (path /5E082A9D)
    (attr smd)
    (fp_text reference D5 (at 0 -1.43 45) (layer F.SilkS) hide
      (effects (font (size 1 1) (thickness 0.15)))
    )
    (fp_text value LED (at 0 1.43 45) (layer F.Fab)
      (effects (font (size 1 1) (thickness 0.15)))
    )
    (fp_text user %R (at 0 0 45) (layer F.Fab)
      (effects (font (size 0.4 0.4) (thickness 0.06)))
    )
    (fp_line (start 1.48 0.73) (end -1.48 0.73) (layer F.CrtYd) (width 0.05))
    (fp_line (start 1.48 -0.73) (end 1.48 0.73) (layer F.CrtYd) (width 0.05))
    (fp_line (start -1.48 -0.73) (end 1.48 -0.73) (layer F.CrtYd) (width 0.05))
    (fp_line (start -1.48 0.73) (end -1.48 -0.73) (layer F.CrtYd) (width 0.05))
    (fp_line (start -1.485 0.735) (end 0.8 0.735) (layer F.SilkS) (width 0.12))
    (fp_line (start -1.485 -0.735) (end -1.485 0.735) (layer F.SilkS) (width 0.12))
    (fp_line (start 0.8 -0.735) (end -1.485 -0.735) (layer F.SilkS) (width 0.12))
    (fp_line (start 0.8 0.4) (end 0.8 -0.4) (layer F.Fab) (width 0.1))
    (fp_line (start -0.8 0.4) (end 0.8 0.4) (layer F.Fab) (width 0.1))
    (fp_line (start -0.8 -0.1) (end -0.8 0.4) (layer F.Fab) (width 0.1))
    (fp_line (start -0.5 -0.4) (end -0.8 -0.1) (layer F.Fab) (width 0.1))
    (fp_line (start 0.8 -0.4) (end -0.5 -0.4) (layer F.Fab) (width 0.1))
    (pad 2 smd roundrect (at 0.7875 0 45) (size 0.875 0.95) (layers F.Cu F.Paste F.Mask) (roundrect_rratio 0.25)
      (net 5 VCC))
    (pad 1 smd roundrect (at -0.7875 0 45) (size 0.875 0.95) (layers F.Cu F.Paste F.Mask) (roundrect_rratio 0.25)
      (net 10 "Net-(D5-Pad1)"))
    (model ${KISYS3DMOD}/LED_SMD.3dshapes/LED_0603_1608Metric.wrl
      (at (xyz 0 0 0))
      (scale (xyz 1 1 1))
      (rotate (xyz 0 0 0))
    )
  )

  (module LED_SMD:LED_0603_1608Metric (layer F.Cu) (tedit 5B301BBE) (tstamp 5E16E8EC)
    (at 72.41438 48.038995 5)
    (descr "LED SMD 0603 (1608 Metric), square (rectangular) end terminal, IPC_7351 nominal, (Body size source: http://www.tortai-tech.com/upload/download/2011102023233369053.pdf), generated with kicad-footprint-generator")
    (tags diode)
    (path /5E082A66)
    (attr smd)
    (fp_text reference D9 (at 0 -1.43 5) (layer F.SilkS) hide
      (effects (font (size 1 1) (thickness 0.15)))
    )
    (fp_text value LED (at 0 1.43 5) (layer F.Fab)
      (effects (font (size 1 1) (thickness 0.15)))
    )
    (fp_text user %R (at 0 0 5) (layer F.Fab)
      (effects (font (size 0.4 0.4) (thickness 0.06)))
    )
    (fp_line (start 1.48 0.73) (end -1.48 0.73) (layer F.CrtYd) (width 0.05))
    (fp_line (start 1.48 -0.73) (end 1.48 0.73) (layer F.CrtYd) (width 0.05))
    (fp_line (start -1.48 -0.73) (end 1.48 -0.73) (layer F.CrtYd) (width 0.05))
