(kicad_pcb (version 20171130) (host pcbnew "(5.1.5)-3")

  (general
    (thickness 1.6)
    (drawings 4)
    (tracks 523)
    (zones 0)
    (modules 54)
    (nets 44)
  )

  (page A4)
  (layers
    (0 F.Cu signal)
    (31 B.Cu signal)
    (32 B.Adhes user)
    (33 F.Adhes user)
    (34 B.Paste user)
    (35 F.Paste user)
    (36 B.SilkS user)
    (37 F.SilkS user)
    (38 B.Mask user)
    (39 F.Mask user)
    (40 Dwgs.User user)
    (41 Cmts.User user)
    (42 Eco1.User user)
    (43 Eco2.User user)
    (44 Edge.Cuts user)
    (45 Margin user)
    (46 B.CrtYd user)
    (47 F.CrtYd user)
    (48 B.Fab user)
    (49 F.Fab user)
  )

  (setup
    (last_trace_width 0.2)
    (user_trace_width 0.175)
    (user_trace_width 0.2)
    (trace_clearance 0.2)
    (zone_clearance 0.2038)
    (zone_45_only no)
    (trace_min 0.1)
    (via_size 0.8)
    (via_drill 0.4)
    (via_min_size 0.4)
    (via_min_drill 0.3)
    (uvia_size 0.3)
    (uvia_drill 0.1)
    (uvias_allowed no)
    (uvia_min_size 0.2)
    (uvia_min_drill 0.1)
    (edge_width 0.05)
    (segment_width 0.2)
    (pcb_text_width 0.3)
    (pcb_text_size 1.5 1.5)
    (mod_edge_width 0.12)
    (mod_text_size 1 1)
    (mod_text_width 0.15)
    (pad_size 1.524 1.524)
    (pad_drill 0.762)
    (pad_to_mask_clearance 0.051)
    (solder_mask_min_width 0.25)
    (aux_axis_origin 0 0)
    (visible_elements 7FFFFFFF)
    (pcbplotparams
      (layerselection 0x010fc_ffffffff)
      (usegerberextensions false)
      (usegerberattributes false)
      (usegerberadvancedattributes false)
      (creategerberjobfile false)
      (excludeedgelayer true)
      (linewidth 0.100000)
      (plotframeref false)
      (viasonmask false)
      (mode 1)
      (useauxorigin false)
      (hpglpennumber 1)
      (hpglpenspeed 20)
      (hpglpendiameter 15.000000)
      (psnegative false)
      (psa4output false)
      (plotreference true)
      (plotvalue true)
      (plotinvisibletext false)
      (padsonsilk false)
      (subtractmaskfromsilk false)
      (outputformat 1)
      (mirror false)
      (drillshape 1)
      (scaleselection 1)
      (outputdirectory ""))
  )

  (net 0 "")
  (net 1 "Net-(C1-Pad1)")
  (net 2 GND)
  (net 3 "Net-(C2-Pad1)")
  (net 4 +3V3)
  (net 5 VCC)
  (net 6 /D-)
  (net 7 /D+)
  (net 8 "Net-(J1-PadB5)")
  (net 9 "Net-(J1-PadA5)")
  (net 10 VBUS)
  (net 11 /SDA)
  (net 12 /SCL)
  (net 13 "Net-(C7-Pad1)")
  (net 14 "Net-(R7-Pad1)")
  (net 15 "Net-(R8-Pad2)")
  (net 16 /BUTTON1)
  (net 17 /BUTTON3)
  (net 18 /BUTTON4)
  (net 19 /BUTTON6)
  (net 20 /QSPI_CS)
  (net 21 /QSPI_D1)
  (net 22 /QSPI_D2)
  (net 23 /QSPI_D0)
  (net 24 /QSPI_SCK)
  (net 25 /QSPI_D3)
  (net 26 /SWD)
  (net 27 /SWC)
  (net 28 /SWO)
  (net 29 /RESET)
  (net 30 "Net-(C11-Pad1)")
  (net 31 "Net-(C12-Pad1)")
  (net 32 /STATUS_R)
  (net 33 /STATUS_G)
  (net 34 /STATUS_B)
  (net 35 "Net-(D1-Pad1)")
  (net 36 "Net-(D1-Pad2)")
  (net 37 "Net-(D1-Pad3)")
  (net 38 /DFU)
  (net 39 /FRST)
  (net 40 /SDB)
  (net 41 /DISPLAY_IO1)
  (net 42 /DISPLAY_IO2)
  (net 43 "Net-(D3-Pad1)")

  (net_class Default "This is the default net class."
    (clearance 0.2)
    (trace_width 0.25)
    (via_dia 0.8)
    (via_drill 0.4)
    (uvia_dia 0.3)
    (uvia_drill 0.1)
    (add_net +3V3)
    (add_net /BUTTON1)
    (add_net /BUTTON3)
    (add_net /BUTTON4)
    (add_net /BUTTON6)
    (add_net /D+)
    (add_net /D-)
    (add_net /DFU)
    (add_net /DISPLAY_IO1)
    (add_net /DISPLAY_IO2)
    (add_net /FRST)
    (add_net /QSPI_CS)
    (add_net /QSPI_D0)
    (add_net /QSPI_D1)
    (add_net /QSPI_D2)
    (add_net /QSPI_D3)
    (add_net /QSPI_SCK)
    (add_net /RESET)
    (add_net /SCL)
    (add_net /SDA)
    (add_net /SDB)
    (add_net /STATUS_B)
    (add_net /STATUS_G)
    (add_net /STATUS_R)
    (add_net /SWC)
    (add_net /SWD)
    (add_net /SWO)
    (add_net GND)
    (add_net "Net-(C1-Pad1)")
    (add_net "Net-(C11-Pad1)")
    (add_net "Net-(C12-Pad1)")
    (add_net "Net-(C2-Pad1)")
    (add_net "Net-(C7-Pad1)")
    (add_net "Net-(D1-Pad1)")
    (add_net "Net-(D1-Pad2)")
    (add_net "Net-(D1-Pad3)")
    (add_net "Net-(D3-Pad1)")
    (add_net "Net-(J1-PadA5)")
    (add_net "Net-(J1-PadB5)")
    (add_net "Net-(R7-Pad1)")
    (add_net "Net-(R8-Pad2)")
    (add_net VBUS)
    (add_net VCC)
  )

  (module buddy-compass-parts:USB_C_Receptacle_GT-USB-7010 (layer F.Cu) (tedit 5D87C057) (tstamp 5E16F388)
    (at 50 70.25)
    (descr "USB TYPE C, RA RCPT PCB, SMT, https://github.com/arturo182/GT-USB-7010/raw/master/GT-USB-7010.pdf")
    (tags "USB C Type-C Receptacle SMD")
    (path /5DFDC8F3)
    (fp_text reference J1 (at -5.5 0) (layer F.SilkS)
      (effects (font (size 1 1) (thickness 0.15)))
    )
    (fp_text value USB_C_Receptacle_USB2.0 (at 0 6) (layer F.Fab)
      (effects (font (size 1 1) (thickness 0.15)))
    )
    (fp_line (start -4.97 5.15) (end 5.1 5.15) (layer F.CrtYd) (width 0.12))
    (fp_line (start -4.97 -4.6) (end -4.97 5.15) (layer F.CrtYd) (width 0.12))
    (fp_line (start 5.1 -4.6) (end 5.1 5.15) (layer F.CrtYd) (width 0.12))
    (fp_line (start -4.97 -4.6) (end 5.1 -4.6) (layer F.CrtYd) (width 0.12))
    (fp_text user REF* (at 0 0) (layer F.Fab)
      (effects (font (size 1 1) (thickness 0.1)))
    )
    (fp_line (start 4.6 1.05) (end 4.6 -1.25) (layer F.SilkS) (width 0.15))
    (fp_line (start 4.6 4.65) (end 4.6 2.7) (layer F.SilkS) (width 0.15))
    (fp_line (start -4.6 1.05) (end -4.6 -1.25) (layer F.SilkS) (width 0.15))
    (fp_line (start -4.6 4.65) (end -4.6 2.7) (layer F.SilkS) (width 0.15))
    (fp_line (start 4.6 4.65) (end -4.6 4.65) (layer F.SilkS) (width 0.15))
    (fp_line (start -4.47 -3.425) (end -4.47 4.525) (layer F.Fab) (width 0.12))
    (fp_line (start 4.47 4.525) (end -4.47 4.525) (layer F.Fab) (width 0.12))
    (fp_line (start 4.47 -3.425) (end 4.47 4.525) (layer F.Fab) (width 0.12))
    (fp_line (start -4.47 -3.425) (end 4.47 -3.425) (layer F.Fab) (width 0.12))
    (pad A12 smd rect (at 3.35 -3.15) (size 0.3 1.75) (layers F.Cu F.Paste F.Mask)
      (net 2 GND))
    (pad B1 smd rect (at 3.05 -3.15) (size 0.3 1.75) (layers F.Cu F.Paste F.Mask)
      (net 2 GND))
    (pad B4 smd rect (at 2.25 -3.15) (size 0.3 1.75) (layers F.Cu F.Paste F.Mask)
      (net 10 VBUS))
    (pad A9 smd rect (at 2.55 -3.15) (size 0.3 1.75) (layers F.Cu F.Paste F.Mask)
      (net 10 VBUS))
    (pad B9 smd rect (at -2.25 -3.15) (size 0.3 1.75) (layers F.Cu F.Paste F.Mask)
      (net 10 VBUS))
    (pad A4 smd rect (at -2.55 -3.15) (size 0.3 1.75) (layers F.Cu F.Paste F.Mask)
      (net 10 VBUS))
    (pad B12 smd rect (at -3.05 -3.15) (size 0.3 1.75) (layers F.Cu F.Paste F.Mask)
      (net 2 GND))
    (pad A1 smd rect (at -3.35 -3.15) (size 0.3 1.75) (layers F.Cu F.Paste F.Mask)
      (net 2 GND))
    (pad A6 smd rect (at -0.25 -3.15) (size 0.3 1.75) (layers F.Cu F.Paste F.Mask)
      (net 7 /D+))
    (pad A5 smd rect (at -1.25 -3.15) (size 0.3 1.75) (layers F.Cu F.Paste F.Mask)
      (net 9 "Net-(J1-PadA5)"))
    (pad B8 smd rect (at -1.75 -3.15) (size 0.3 1.75) (layers F.Cu F.Paste F.Mask))
    (pad B7 smd rect (at -0.75 -3.15) (size 0.3 1.75) (layers F.Cu F.Paste F.Mask)
      (net 6 /D-))
    (pad B5 smd rect (at 1.75 -3.15) (size 0.3 1.75) (layers F.Cu F.Paste F.Mask)
      (net 8 "Net-(J1-PadB5)"))
    (pad A8 smd rect (at 1.25 -3.15) (size 0.3 1.75) (layers F.Cu F.Paste F.Mask))
    (pad B6 smd rect (at 0.75 -3.15) (size 0.3 1.75) (layers F.Cu F.Paste F.Mask)
      (net 7 /D+))
    (pad A7 smd rect (at 0.25 -3.15) (size 0.3 1.75) (layers F.Cu F.Paste F.Mask)
      (net 6 /D-))
    (pad "" np_thru_hole circle (at 2.89 -1.81) (size 0.65 0.65) (drill 0.65) (layers *.Cu *.Mask))
    (pad "" np_thru_hole circle (at -2.89 -1.81) (size 0.65 0.65) (drill 0.65) (layers *.Cu *.Mask))
    (pad S1 thru_hole oval (at 4.32 -2.31) (size 0.9 2.1) (drill oval 0.5 1.7) (layers *.Cu *.Paste *.Mask)
      (net 1 "Net-(C1-Pad1)"))
    (pad S1 thru_hole oval (at -4.32 -2.31) (size 0.9 2.1) (drill oval 0.5 1.7) (layers *.Cu *.Paste *.Mask)
      (net 1 "Net-(C1-Pad1)"))
    (pad S1 thru_hole oval (at 4.32 1.87) (size 1 1.6) (drill oval 0.6 1.2) (layers *.Cu *.Paste *.Mask)
      (net 1 "Net-(C1-Pad1)"))
    (pad S1 thru_hole oval (at -4.32 1.87) (size 1 1.6) (drill oval 0.6 1.2) (layers *.Cu *.Paste *.Mask)
      (net 1 "Net-(C1-Pad1)"))
  )

  (module Package_SO:SOIC-8_5.23x5.23mm_P1.27mm (layer F.Cu) (tedit 5C9033D8) (tstamp 5E254BE9)
    (at 39 39.25)
    (descr "SOIC, 8 Pin (http://www.winbond.com/resource-files/w25q32jv%20revg%2003272018%20plus.pdf#page=68), generated with kicad-footprint-generator ipc_gullwing_generator.py")
    (tags "SOIC SO")
    (path /5DFE01D1)
    (attr smd)
    (fp_text reference U3 (at 0 -3.56 180) (layer F.SilkS)
      (effects (font (size 1 1) (thickness 0.15)))
    )
    (fp_text value W25Q32JVSS (at 0 3.56 180) (layer F.Fab)
      (effects (font (size 1 1) (thickness 0.15)))
    )
    (fp_line (start 0 2.725) (end 2.725 2.725) (layer F.SilkS) (width 0.12))
    (fp_line (start 2.725 2.725) (end 2.725 2.465) (layer F.SilkS) (width 0.12))
    (fp_line (start 0 2.725) (end -2.725 2.725) (layer F.SilkS) (width 0.12))
    (fp_line (start -2.725 2.725) (end -2.725 2.465) (layer F.SilkS) (width 0.12))
    (fp_line (start 0 -2.725) (end 2.725 -2.725) (layer F.SilkS) (width 0.12))
    (fp_line (start 2.725 -2.725) (end 2.725 -2.465) (layer F.SilkS) (width 0.12))
    (fp_line (start 0 -2.725) (end -2.725 -2.725) (layer F.SilkS) (width 0.12))
    (fp_line (start -2.725 -2.725) (end -2.725 -2.465) (layer F.SilkS) (width 0.12))
    (fp_line (start -2.725 -2.465) (end -4.4 -2.465) (layer F.SilkS) (width 0.12))
    (fp_line (start -1.615 -2.615) (end 2.615 -2.615) (layer F.Fab) (width 0.1))
    (fp_line (start 2.615 -2.615) (end 2.615 2.615) (layer F.Fab) (width 0.1))
    (fp_line (start 2.615 2.615) (end -2.615 2.615) (layer F.Fab) (width 0.1))
    (fp_line (start -2.615 2.615) (end -2.615 -1.615) (layer F.Fab) (width 0.1))
    (fp_line (start -2.615 -1.615) (end -1.615 -2.615) (layer F.Fab) (width 0.1))
    (fp_line (start -4.65 -2.86) (end -4.65 2.86) (layer F.CrtYd) (width 0.05))
    (fp_line (start -4.65 2.86) (end 4.65 2.86) (layer F.CrtYd) (width 0.05))
    (fp_line (start 4.65 2.86) (end 4.65 -2.86) (layer F.CrtYd) (width 0.05))
    (fp_line (start 4.65 -2.86) (end -4.65 -2.86) (layer F.CrtYd) (width 0.05))
    (fp_text user %R (at 0 0 180) (layer F.Fab)
      (effects (font (size 1 1) (thickness 0.15)))
    )
    (pad 1 smd roundrect (at -3.6 -1.905) (size 1.6 0.6) (layers F.Cu F.Paste F.Mask) (roundrect_rratio 0.25)
      (net 20 /QSPI_CS))
    (pad 2 smd roundrect (at -3.6 -0.635) (size 1.6 0.6) (layers F.Cu F.Paste F.Mask) (roundrect_rratio 0.25)
      (net 21 /QSPI_D1))
    (pad 3 smd roundrect (at -3.6 0.635) (size 1.6 0.6) (layers F.Cu F.Paste F.Mask) (roundrect_rratio 0.25)
      (net 22 /QSPI_D2))
    (pad 4 smd roundrect (at -3.6 1.905) (size 1.6 0.6) (layers F.Cu F.Paste F.Mask) (roundrect_rratio 0.25)
      (net 2 GND))
    (pad 5 smd roundrect (at 3.6 1.905) (size 1.6 0.6) (layers F.Cu F.Paste F.Mask) (roundrect_rratio 0.25)
      (net 23 /QSPI_D0))
    (pad 6 smd roundrect (at 3.6 0.635) (size 1.6 0.6) (layers F.Cu F.Paste F.Mask) (roundrect_rratio 0.25)
      (net 24 /QSPI_SCK))
    (pad 7 smd roundrect (at 3.6 -0.635) (size 1.6 0.6) (layers F.Cu F.Paste F.Mask) (roundrect_rratio 0.25)
      (net 25 /QSPI_D3))
    (pad 8 smd roundrect (at 3.6 -1.905) (size 1.6 0.6) (layers F.Cu F.Paste F.Mask) (roundrect_rratio 0.25)
      (net 4 +3V3))
    (model ${KISYS3DMOD}/Package_SO.3dshapes/SOIC-8_5.23x5.23mm_P1.27mm.wrl
      (at (xyz 0 0 0))
      (scale (xyz 1 1 1))
      (rotate (xyz 0 0 0))
    )
  )

  (module Capacitor_SMD:C_0603_1608Metric (layer F.Cu) (tedit 5B301BBE) (tstamp 5E27B4C8)
    (at 44.75 39.25 270)
    (descr "Capacitor SMD 0603 (1608 Metric), square (rectangular) end terminal, IPC_7351 nominal, (Body size source: http://www.tortai-tech.com/upload/download/2011102023233369053.pdf), generated with kicad-footprint-generator")
    (tags capacitor)
    (path /5E326BC7)
    (attr smd)
    (fp_text reference C9 (at 2.5 0 90) (layer F.SilkS)
      (effects (font (size 1 1) (thickness 0.15)))
    )
    (fp_text value 100n (at 0 1.43 90) (layer F.Fab)
      (effects (font (size 1 1) (thickness 0.15)))
    )
    (fp_line (start -0.8 0.4) (end -0.8 -0.4) (layer F.Fab) (width 0.1))
    (fp_line (start -0.8 -0.4) (end 0.8 -0.4) (layer F.Fab) (width 0.1))
    (fp_line (start 0.8 -0.4) (end 0.8 0.4) (layer F.Fab) (width 0.1))
    (fp_line (start 0.8 0.4) (end -0.8 0.4) (layer F.Fab) (width 0.1))
    (fp_line (start -0.162779 -0.51) (end 0.162779 -0.51) (layer F.SilkS) (width 0.12))
    (fp_line (start -0.162779 0.51) (end 0.162779 0.51) (layer F.SilkS) (width 0.12))
    (fp_line (start -1.48 0.73) (end -1.48 -0.73) (layer F.CrtYd) (width 0.05))
    (fp_line (start -1.48 -0.73) (end 1.48 -0.73) (layer F.CrtYd) (width 0.05))
    (fp_line (start 1.48 -0.73) (end 1.48 0.73) (layer F.CrtYd) (width 0.05))
    (fp_line (start 1.48 0.73) (end -1.48 0.73) (layer F.CrtYd) (width 0.05))
    (fp_text user %R (at 0 0 90) (layer F.Fab)
      (effects (font (size 0.4 0.4) (thickness 0.06)))
    )
    (pad 1 smd roundrect (at -0.7875 0 270) (size 0.875 0.95) (layers F.Cu F.Paste F.Mask) (roundrect_rratio 0.25)
      (net 4 +3V3))
    (pad 2 smd roundrect (at 0.7875 0 270) (size 0.875 0.95) (layers F.Cu F.Paste F.Mask) (roundrect_rratio 0.25)
      (net 2 GND))
    (model ${KISYS3DMOD}/Capacitor_SMD.3dshapes/C_0603_1608Metric.wrl
      (at (xyz 0 0 0))
      (scale (xyz 1 1 1))
      (rotate (xyz 0 0 0))
    )
  )

  (module Crystal:Crystal_SMD_3215-2Pin_3.2x1.5mm (layer F.Cu) (tedit 5A0FD1B2) (tstamp 5E3FF662)
    (at 47.5 52.5 270)
    (descr "SMD Crystal FC-135 https://support.epson.biz/td/api/doc_check.php?dl=brief_FC-135R_en.pdf")
    (tags "SMD SMT Crystal")
    (path /5E3340AD)
    (attr smd)
    (fp_text reference Y1 (at 0 0) (layer F.SilkS)
      (effects (font (size 1 1) (thickness 0.15)))
    )
    (fp_text value 32.768KHz (at 0 2 270) (layer F.Fab)
      (effects (font (size 1 1) (thickness 0.15)))
    )
    (fp_text user %R (at 0 -2 270) (layer F.Fab)
      (effects (font (size 1 1) (thickness 0.15)))
    )
    (fp_line (start -2 -1.15) (end 2 -1.15) (layer F.CrtYd) (width 0.05))
    (fp_line (start -1.6 -0.75) (end -1.6 0.75) (layer F.Fab) (width 0.1))
    (fp_line (start -0.675 0.875) (end 0.675 0.875) (layer F.SilkS) (width 0.12))
    (fp_line (start -0.675 -0.875) (end 0.675 -0.875) (layer F.SilkS) (width 0.12))
    (fp_line (start 1.6 -0.75) (end 1.6 0.75) (layer F.Fab) (width 0.1))
    (fp_line (start -1.6 -0.75) (end 1.6 -0.75) (layer F.Fab) (width 0.1))
    (fp_line (start -1.6 0.75) (end 1.6 0.75) (layer F.Fab) (width 0.1))
    (fp_line (start -2 1.15) (end 2 1.15) (layer F.CrtYd) (width 0.05))
    (fp_line (start -2 -1.15) (end -2 1.15) (layer F.CrtYd) (width 0.05))
    (fp_line (start 2 -1.15) (end 2 1.15) (layer F.CrtYd) (width 0.05))
    (pad 1 smd rect (at 1.25 0 270) (size 1 1.8) (layers F.Cu F.Paste F.Mask)
      (net 31 "Net-(C12-Pad1)"))
    (pad 2 smd rect (at -1.25 0 270) (size 1 1.8) (layers F.Cu F.Paste F.Mask)
      (net 30 "Net-(C11-Pad1)"))
    (model ${KISYS3DMOD}/Crystal.3dshapes/Crystal_SMD_3215-2Pin_3.2x1.5mm.wrl
      (at (xyz 0 0 0))
      (scale (xyz 1 1 1))
      (rotate (xyz 0 0 0))
    )
  )

  (module Connector:Tag-Connect_TC2030-IDC-NL_2x03_P1.27mm_Vertical (layer B.Cu) (tedit 5A29CEA9) (tstamp 5E3F7330)
    (at 35.046051 32.703949 45)
    (descr "Tag-Connect programming header; http://www.tag-connect.com/Materials/TC2030-IDC-NL.pdf")
    (tags "tag connect programming header pogo pins")
    (path /5E4089B4)
    (attr virtual)
    (fp_text reference J3 (at 4.177515 0 45) (layer B.SilkS)
      (effects (font (size 1 1) (thickness 0.15)) (justify mirror))
    )
    (fp_text value Conn_02x03_Odd_Even (at 0 2.3 45) (layer B.Fab)
      (effects (font (size 1 1) (thickness 0.15)) (justify mirror))
    )
    (fp_line (start -1.905 -1.27) (end -1.905 -0.635) (layer B.SilkS) (width 0.12))
    (fp_line (start -1.27 -1.27) (end -1.905 -1.27) (layer B.SilkS) (width 0.12))
    (fp_line (start -3.5 -2) (end -3.5 2) (layer B.CrtYd) (width 0.05))
    (fp_line (start 3.5 -2) (end -3.5 -2) (layer B.CrtYd) (width 0.05))
    (fp_line (start 3.5 2) (end 3.5 -2) (layer B.CrtYd) (width 0.05))
    (fp_line (start -3.5 2) (end 3.5 2) (layer B.CrtYd) (width 0.05))
    (fp_text user %R (at 0 0 45) (layer B.Fab)
      (effects (font (size 1 1) (thickness 0.15)) (justify mirror))
    )
    (fp_line (start -1.27 -0.635) (end -1.27 0.635) (layer Dwgs.User) (width 0.1))
    (fp_line (start 1.27 -0.635) (end -1.27 -0.635) (layer Dwgs.User) (width 0.1))
    (fp_line (start 1.27 0.635) (end 1.27 -0.635) (layer Dwgs.User) (width 0.1))
    (fp_line (start -1.27 0.635) (end 1.27 0.635) (layer Dwgs.User) (width 0.1))
    (fp_line (start -1.27 -0.635) (end 0 0.635) (layer Dwgs.User) (width 0.1))
    (fp_line (start -1.27 0) (end -0.635 0.635) (layer Dwgs.User) (width 0.1))
    (fp_line (start -0.635 -0.635) (end 0.635 0.635) (layer Dwgs.User) (width 0.1))
    (fp_line (start 0 -0.635) (end 1.27 0.635) (layer Dwgs.User) (width 0.1))
    (fp_line (start 0.635 -0.635) (end 1.27 0) (layer Dwgs.User) (width 0.1))
    (fp_text user KEEPOUT (at 0 0 45) (layer Cmts.User)
      (effects (font (size 0.4 0.4) (thickness 0.07)))
    )
    (pad "" np_thru_hole circle (at 2.54 1.016 45) (size 0.9906 0.9906) (drill 0.9906) (layers *.Cu *.Mask))
    (pad "" np_thru_hole circle (at 2.54 -1.016 45) (size 0.9906 0.9906) (drill 0.9906) (layers *.Cu *.Mask))
    (pad "" np_thru_hole circle (at -2.54 0 45) (size 0.9906 0.9906) (drill 0.9906) (layers *.Cu *.Mask))
    (pad 1 connect circle (at -1.27 -0.635 45) (size 0.7874 0.7874) (layers B.Cu B.Mask)
      (net 4 +3V3))
    (pad 2 connect circle (at -1.27 0.635 45) (size 0.7874 0.7874) (layers B.Cu B.Mask)
      (net 26 /SWD))
    (pad 3 connect circle (at 0 -0.635 45) (size 0.7874 0.7874) (layers B.Cu B.Mask)
      (net 29 /RESET))
    (pad 4 connect circle (at 0 0.635 45) (size 0.7874 0.7874) (layers B.Cu B.Mask)
      (net 27 /SWC))
    (pad 5 connect circle (at 1.27 -0.635 45) (size 0.7874 0.7874) (layers B.Cu B.Mask)
      (net 2 GND))
    (pad 6 connect circle (at 1.27 0.635 45) (size 0.7874 0.7874) (layers B.Cu B.Mask)
      (net 28 /SWO))
  )

  (module Resistor_SMD:R_0603_1608Metric (layer F.Cu) (tedit 5B301BBD) (tstamp 5E24E1A2)
    (at 58.25 67.75 270)
    (descr "Resistor SMD 0603 (1608 Metric), square (rectangular) end terminal, IPC_7351 nominal, (Body size source: http://www.tortai-tech.com/upload/download/2011102023233369053.pdf), generated with kicad-footprint-generator")
    (tags resistor)
    (path /5E506E67)
    (attr smd)
    (fp_text reference R7 (at 3 0 270) (layer F.SilkS)
      (effects (font (size 1 1) (thickness 0.15)))
    )
    (fp_text value 2K (at 0 1.43 270) (layer F.Fab)
      (effects (font (size 1 1) (thickness 0.15)))
    )
    (fp_line (start -0.8 0.4) (end -0.8 -0.4) (layer F.Fab) (width 0.1))
    (fp_line (start -0.8 -0.4) (end 0.8 -0.4) (layer F.Fab) (width 0.1))
    (fp_line (start 0.8 -0.4) (end 0.8 0.4) (layer F.Fab) (width 0.1))
    (fp_line (start 0.8 0.4) (end -0.8 0.4) (layer F.Fab) (width 0.1))
    (fp_line (start -0.162779 -0.51) (end 0.162779 -0.51) (layer F.SilkS) (width 0.12))
    (fp_line (start -0.162779 0.51) (end 0.162779 0.51) (layer F.SilkS) (width 0.12))
    (fp_line (start -1.48 0.73) (end -1.48 -0.73) (layer F.CrtYd) (width 0.05))
    (fp_line (start -1.48 -0.73) (end 1.48 -0.73) (layer F.CrtYd) (width 0.05))
    (fp_line (start 1.48 -0.73) (end 1.48 0.73) (layer F.CrtYd) (width 0.05))
    (fp_line (start 1.48 0.73) (end -1.48 0.73) (layer F.CrtYd) (width 0.05))
    (fp_text user %R (at 0 0 270) (layer F.Fab)
      (effects (font (size 0.4 0.4) (thickness 0.06)))
    )
    (pad 1 smd roundrect (at -0.7875 0 270) (size 0.875 0.95) (layers F.Cu F.Paste F.Mask) (roundrect_rratio 0.25)
      (net 14 "Net-(R7-Pad1)"))
    (pad 2 smd roundrect (at 0.7875 0 270) (size 0.875 0.95) (layers F.Cu F.Paste F.Mask) (roundrect_rratio 0.25)
      (net 2 GND))
    (model ${KISYS3DMOD}/Resistor_SMD.3dshapes/R_0603_1608Metric.wrl
      (at (xyz 0 0 0))
      (scale (xyz 1 1 1))
      (rotate (xyz 0 0 0))
    )
  )

  (module Capacitor_SMD:C_0603_1608Metric (layer F.Cu) (tedit 5B301BBE) (tstamp 5E085BE4)
    (at 50 40.25 180)
    (descr "Capacitor SMD 0603 (1608 Metric), square (rectangular) end terminal, IPC_7351 nominal, (Body size source: http://www.tortai-tech.com/upload/download/2011102023233369053.pdf), generated with kicad-footprint-generator")
    (tags capacitor)
    (path /5E13DD33)
    (attr smd)
    (fp_text reference C3 (at -3 0) (layer F.SilkS)
      (effects (font (size 1 1) (thickness 0.15)))
    )
    (fp_text value 100n (at 0 1.43) (layer F.Fab)
      (effects (font (size 1 1) (thickness 0.15)))
    )
    (fp_text user %R (at 0 0) (layer F.Fab)
      (effects (font (size 0.4 0.4) (thickness 0.06)))
    )
    (fp_line (start 1.48 0.73) (end -1.48 0.73) (layer F.CrtYd) (width 0.05))
    (fp_line (start 1.48 -0.73) (end 1.48 0.73) (layer F.CrtYd) (width 0.05))
    (fp_line (start -1.48 -0.73) (end 1.48 -0.73) (layer F.CrtYd) (width 0.05))
    (fp_line (start -1.48 0.73) (end -1.48 -0.73) (layer F.CrtYd) (width 0.05))
    (fp_line (start -0.162779 0.51) (end 0.162779 0.51) (layer F.SilkS) (width 0.12))
    (fp_line (start -0.162779 -0.51) (end 0.162779 -0.51) (layer F.SilkS) (width 0.12))
    (fp_line (start 0.8 0.4) (end -0.8 0.4) (layer F.Fab) (width 0.1))
    (fp_line (start 0.8 -0.4) (end 0.8 0.4) (layer F.Fab) (width 0.1))
    (fp_line (start -0.8 -0.4) (end 0.8 -0.4) (layer F.Fab) (width 0.1))
    (fp_line (start -0.8 0.4) (end -0.8 -0.4) (layer F.Fab) (width 0.1))
    (pad 2 smd roundrect (at 0.7875 0 180) (size 0.875 0.95) (layers F.Cu F.Paste F.Mask) (roundrect_rratio 0.25)
      (net 2 GND))
    (pad 1 smd roundrect (at -0.7875 0 180) (size 0.875 0.95) (layers F.Cu F.Paste F.Mask) (roundrect_rratio 0.25)
      (net 4 +3V3))
    (model ${KISYS3DMOD}/Capacitor_SMD.3dshapes/C_0603_1608Metric.wrl
      (at (xyz 0 0 0))
      (scale (xyz 1 1 1))
      (rotate (xyz 0 0 0))
    )
  )

  (module Capacitor_SMD:C_0603_1608Metric (layer F.Cu) (tedit 5B301BBE) (tstamp 5E085BC2)
    (at 45.75 64 90)
    (descr "Capacitor SMD 0603 (1608 Metric), square (rectangular) end terminal, IPC_7351 nominal, (Body size source: http://www.tortai-tech.com/upload/download/2011102023233369053.pdf), generated with kicad-footprint-generator")
    (tags capacitor)
    (path /5E2036AE)
    (attr smd)
    (fp_text reference C1 (at 2.25 0) (layer F.SilkS)
      (effects (font (size 1 1) (thickness 0.15)))
    )
    (fp_text value 100n (at 0 1.43 270) (layer F.Fab)
      (effects (font (size 1 1) (thickness 0.15)))
    )
    (fp_line (start -0.8 0.4) (end -0.8 -0.4) (layer F.Fab) (width 0.1))
    (fp_line (start -0.8 -0.4) (end 0.8 -0.4) (layer F.Fab) (width 0.1))
    (fp_line (start 0.8 -0.4) (end 0.8 0.4) (layer F.Fab) (width 0.1))
    (fp_line (start 0.8 0.4) (end -0.8 0.4) (layer F.Fab) (width 0.1))
    (fp_line (start -0.162779 -0.51) (end 0.162779 -0.51) (layer F.SilkS) (width 0.12))
    (fp_line (start -0.162779 0.51) (end 0.162779 0.51) (layer F.SilkS) (width 0.12))
    (fp_line (start -1.48 0.73) (end -1.48 -0.73) (layer F.CrtYd) (width 0.05))
    (fp_line (start -1.48 -0.73) (end 1.48 -0.73) (layer F.CrtYd) (width 0.05))
    (fp_line (start 1.48 -0.73) (end 1.48 0.73) (layer F.CrtYd) (width 0.05))
    (fp_line (start 1.48 0.73) (end -1.48 0.73) (layer F.CrtYd) (width 0.05))
    (fp_text user %R (at 0 0 270) (layer F.Fab)
      (effects (font (size 0.4 0.4) (thickness 0.06)))
    )
    (pad 1 smd roundrect (at -0.7875 0 90) (size 0.875 0.95) (layers F.Cu F.Paste F.Mask) (roundrect_rratio 0.25)
      (net 1 "Net-(C1-Pad1)"))
    (pad 2 smd roundrect (at 0.7875 0 90) (size 0.875 0.95) (layers F.Cu F.Paste F.Mask) (roundrect_rratio 0.25)
      (net 2 GND))
    (model ${KISYS3DMOD}/Capacitor_SMD.3dshapes/C_0603_1608Metric.wrl
      (at (xyz 0 0 0))
      (scale (xyz 1 1 1))
      (rotate (xyz 0 0 0))
    )
  )

  (module Capacitor_SMD:C_0603_1608Metric (layer F.Cu) (tedit 5B301BBE) (tstamp 5E085BD3)
    (at 47.25 37.5 270)
    (descr "Capacitor SMD 0603 (1608 Metric), square (rectangular) end terminal, IPC_7351 nominal, (Body size source: http://www.tortai-tech.com/upload/download/2011102023233369053.pdf), generated with kicad-footprint-generator")
    (tags capacitor)
    (path /5E1086B3)
    (attr smd)
    (fp_text reference C2 (at 2.25 0 180) (layer F.SilkS)
      (effects (font (size 1 1) (thickness 0.15)))
    )
    (fp_text value 220n (at 0 1.43 90) (layer F.Fab)
      (effects (font (size 1 1) (thickness 0.15)))
    )
    (fp_line (start -0.8 0.4) (end -0.8 -0.4) (layer F.Fab) (width 0.1))
    (fp_line (start -0.8 -0.4) (end 0.8 -0.4) (layer F.Fab) (width 0.1))
    (fp_line (start 0.8 -0.4) (end 0.8 0.4) (layer F.Fab) (width 0.1))
    (fp_line (start 0.8 0.4) (end -0.8 0.4) (layer F.Fab) (width 0.1))
    (fp_line (start -0.162779 -0.51) (end 0.162779 -0.51) (layer F.SilkS) (width 0.12))
    (fp_line (start -0.162779 0.51) (end 0.162779 0.51) (layer F.SilkS) (width 0.12))
    (fp_line (start -1.48 0.73) (end -1.48 -0.73) (layer F.CrtYd) (width 0.05))
    (fp_line (start -1.48 -0.73) (end 1.48 -0.73) (layer F.CrtYd) (width 0.05))
    (fp_line (start 1.48 -0.73) (end 1.48 0.73) (layer F.CrtYd) (width 0.05))
    (fp_line (start 1.48 0.73) (end -1.48 0.73) (layer F.CrtYd) (width 0.05))
    (fp_text user %R (at 0 0 90) (layer F.Fab)
      (effects (font (size 0.4 0.4) (thickness 0.06)))
    )
    (pad 1 smd roundrect (at -0.7875 0 270) (size 0.875 0.95) (layers F.Cu F.Paste F.Mask) (roundrect_rratio 0.25)
      (net 3 "Net-(C2-Pad1)"))
    (pad 2 smd roundrect (at 0.7875 0 270) (size 0.875 0.95) (layers F.Cu F.Paste F.Mask) (roundrect_rratio 0.25)
      (net 2 GND))
    (model ${KISYS3DMOD}/Capacitor_SMD.3dshapes/C_0603_1608Metric.wrl
      (at (xyz 0 0 0))
      (scale (xyz 1 1 1))
      (rotate (xyz 0 0 0))
    )
  )

  (module Resistor_SMD:R_0603_1608Metric (layer F.Cu) (tedit 5B301BBD) (tstamp 5E085EEB)
    (at 54.25 64 90)
    (descr "Resistor SMD 0603 (1608 Metric), square (rectangular) end terminal, IPC_7351 nominal, (Body size source: http://www.tortai-tech.com/upload/download/2011102023233369053.pdf), generated with kicad-footprint-generator")
    (tags resistor)
    (path /5E1CD0F8)
    (attr smd)
    (fp_text reference R1 (at 2.25 0) (layer F.SilkS)
      (effects (font (size 1 1) (thickness 0.15)))
    )
    (fp_text value 1M (at 0 1.43 270) (layer F.Fab)
      (effects (font (size 1 1) (thickness 0.15)))
    )
    (fp_line (start -0.8 0.4) (end -0.8 -0.4) (layer F.Fab) (width 0.1))
    (fp_line (start -0.8 -0.4) (end 0.8 -0.4) (layer F.Fab) (width 0.1))
    (fp_line (start 0.8 -0.4) (end 0.8 0.4) (layer F.Fab) (width 0.1))
    (fp_line (start 0.8 0.4) (end -0.8 0.4) (layer F.Fab) (width 0.1))
    (fp_line (start -0.162779 -0.51) (end 0.162779 -0.51) (layer F.SilkS) (width 0.12))
    (fp_line (start -0.162779 0.51) (end 0.162779 0.51) (layer F.SilkS) (width 0.12))
    (fp_line (start -1.48 0.73) (end -1.48 -0.73) (layer F.CrtYd) (width 0.05))
    (fp_line (start -1.48 -0.73) (end 1.48 -0.73) (layer F.CrtYd) (width 0.05))
    (fp_line (start 1.48 -0.73) (end 1.48 0.73) (layer F.CrtYd) (width 0.05))
    (fp_line (start 1.48 0.73) (end -1.48 0.73) (layer F.CrtYd) (width 0.05))
    (fp_text user %R (at 0 0 270) (layer F.Fab)
      (effects (font (size 0.4 0.4) (thickness 0.06)))
    )
    (pad 1 smd roundrect (at -0.7875 0 90) (size 0.875 0.95) (layers F.Cu F.Paste F.Mask) (roundrect_rratio 0.25)
      (net 1 "Net-(C1-Pad1)"))
    (pad 2 smd roundrect (at 0.7875 0 90) (size 0.875 0.95) (layers F.Cu F.Paste F.Mask) (roundrect_rratio 0.25)
      (net 2 GND))
    (model ${KISYS3DMOD}/Resistor_SMD.3dshapes/R_0603_1608Metric.wrl
      (at (xyz 0 0 0))
      (scale (xyz 1 1 1))
      (rotate (xyz 0 0 0))
    )
  )

  (module Resistor_SMD:R_0603_1608Metric (layer F.Cu) (tedit 5B301BBD) (tstamp 5E17298A)
    (at 48.75 64 90)
    (descr "Resistor SMD 0603 (1608 Metric), square (rectangular) end terminal, IPC_7351 nominal, (Body size source: http://www.tortai-tech.com/upload/download/2011102023233369053.pdf), generated with kicad-footprint-generator")
    (tags resistor)
    (path /5E1A4628)
    (attr smd)
    (fp_text reference R2 (at 2.25 0) (layer F.SilkS)
      (effects (font (size 1 1) (thickness 0.15)))
    )
    (fp_text value 5.1K (at 0 1.43 270) (layer F.Fab)
      (effects (font (size 1 1) (thickness 0.15)))
    )
    (fp_line (start -0.8 0.4) (end -0.8 -0.4) (layer F.Fab) (width 0.1))
    (fp_line (start -0.8 -0.4) (end 0.8 -0.4) (layer F.Fab) (width 0.1))
    (fp_line (start 0.8 -0.4) (end 0.8 0.4) (layer F.Fab) (width 0.1))
    (fp_line (start 0.8 0.4) (end -0.8 0.4) (layer F.Fab) (width 0.1))
    (fp_line (start -0.162779 -0.51) (end 0.162779 -0.51) (layer F.SilkS) (width 0.12))
    (fp_line (start -0.162779 0.51) (end 0.162779 0.51) (layer F.SilkS) (width 0.12))
    (fp_line (start -1.48 0.73) (end -1.48 -0.73) (layer F.CrtYd) (width 0.05))
    (fp_line (start -1.48 -0.73) (end 1.48 -0.73) (layer F.CrtYd) (width 0.05))
    (fp_line (start 1.48 -0.73) (end 1.48 0.73) (layer F.CrtYd) (width 0.05))
    (fp_line (start 1.48 0.73) (end -1.48 0.73) (layer F.CrtYd) (width 0.05))
    (fp_text user %R (at 0 0 270) (layer F.Fab)
      (effects (font (size 0.4 0.4) (thickness 0.06)))
    )
    (pad 1 smd roundrect (at -0.7875 0 90) (size 0.875 0.95) (layers F.Cu F.Paste F.Mask) (roundrect_rratio 0.25)
      (net 9 "Net-(J1-PadA5)"))
    (pad 2 smd roundrect (at 0.7875 0 90) (size 0.875 0.95) (layers F.Cu F.Paste F.Mask) (roundrect_rratio 0.25)
      (net 2 GND))
    (model ${KISYS3DMOD}/Resistor_SMD.3dshapes/R_0603_1608Metric.wrl
      (at (xyz 0 0 0))
      (scale (xyz 1 1 1))
      (rotate (xyz 0 0 0))
    )
  )

  (module Resistor_SMD:R_0603_1608Metric (layer F.Cu) (tedit 5B301BBD) (tstamp 5E085F0D)
    (at 51.75 64 90)
    (descr "Resistor SMD 0603 (1608 Metric), square (rectangular) end terminal, IPC_7351 nominal, (Body size source: http://www.tortai-tech.com/upload/download/2011102023233369053.pdf), generated with kicad-footprint-generator")
    (tags resistor)
    (path /5E1A4C91)
    (attr smd)
    (fp_text reference R3 (at 2.25 0) (layer F.SilkS)
      (effects (font (size 1 1) (thickness 0.15)))
    )
    (fp_text value 5.1K (at 0 1.43 270) (layer F.Fab)
      (effects (font (size 1 1) (thickness 0.15)))
    )
    (fp_text user %R (at 0 0 270) (layer F.Fab)
      (effects (font (size 0.4 0.4) (thickness 0.06)))
    )
    (fp_line (start 1.48 0.73) (end -1.48 0.73) (layer F.CrtYd) (width 0.05))
    (fp_line (start 1.48 -0.73) (end 1.48 0.73) (layer F.CrtYd) (width 0.05))
    (fp_line (start -1.48 -0.73) (end 1.48 -0.73) (layer F.CrtYd) (width 0.05))
    (fp_line (start -1.48 0.73) (end -1.48 -0.73) (layer F.CrtYd) (width 0.05))
    (fp_line (start -0.162779 0.51) (end 0.162779 0.51) (layer F.SilkS) (width 0.12))
    (fp_line (start -0.162779 -0.51) (end 0.162779 -0.51) (layer F.SilkS) (width 0.12))
    (fp_line (start 0.8 0.4) (end -0.8 0.4) (layer F.Fab) (width 0.1))
    (fp_line (start 0.8 -0.4) (end 0.8 0.4) (layer F.Fab) (width 0.1))
    (fp_line (start -0.8 -0.4) (end 0.8 -0.4) (layer F.Fab) (width 0.1))
    (fp_line (start -0.8 0.4) (end -0.8 -0.4) (layer F.Fab) (width 0.1))
    (pad 2 smd roundrect (at 0.7875 0 90) (size 0.875 0.95) (layers F.Cu F.Paste F.Mask) (roundrect_rratio 0.25)
      (net 2 GND))
    (pad 1 smd roundrect (at -0.7875 0 90) (size 0.875 0.95) (layers F.Cu F.Paste F.Mask) (roundrect_rratio 0.25)
      (net 8 "Net-(J1-PadB5)"))
    (model ${KISYS3DMOD}/Resistor_SMD.3dshapes/R_0603_1608Metric.wrl
      (at (xyz 0 0 0))
      (scale (xyz 1 1 1))
      (rotate (xyz 0 0 0))
    )
  )

  (module Package_TO_SOT_SMD:SOT-23-5 (layer F.Cu) (tedit 5A02FF57) (tstamp 5E24E16A)
    (at 61.75 64 180)
    (descr "5-pin SOT23 package")
    (tags SOT-23-5)
    (path /5DFE1E2B)
    (attr smd)
    (fp_text reference U1 (at -3 2.5) (layer F.SilkS)
      (effects (font (size 1 1) (thickness 0.15)))
    )
    (fp_text value MCP73831-2-OT (at 0 2.9) (layer F.Fab)
      (effects (font (size 1 1) (thickness 0.15)))
    )
    (fp_text user %R (at 0 0 90) (layer F.Fab)
      (effects (font (size 0.5 0.5) (thickness 0.075)))
    )
    (fp_line (start -0.9 1.61) (end 0.9 1.61) (layer F.SilkS) (width 0.12))
    (fp_line (start 0.9 -1.61) (end -1.55 -1.61) (layer F.SilkS) (width 0.12))
    (fp_line (start -1.9 -1.8) (end 1.9 -1.8) (layer F.CrtYd) (width 0.05))
    (fp_line (start 1.9 -1.8) (end 1.9 1.8) (layer F.CrtYd) (width 0.05))
    (fp_line (start 1.9 1.8) (end -1.9 1.8) (layer F.CrtYd) (width 0.05))
    (fp_line (start -1.9 1.8) (end -1.9 -1.8) (layer F.CrtYd) (width 0.05))
    (fp_line (start -0.9 -0.9) (end -0.25 -1.55) (layer F.Fab) (width 0.1))
    (fp_line (start 0.9 -1.55) (end -0.25 -1.55) (layer F.Fab) (width 0.1))
    (fp_line (start -0.9 -0.9) (end -0.9 1.55) (layer F.Fab) (width 0.1))
    (fp_line (start 0.9 1.55) (end -0.9 1.55) (layer F.Fab) (width 0.1))
    (fp_line (start 0.9 -1.55) (end 0.9 1.55) (layer F.Fab) (width 0.1))
    (pad 1 smd rect (at -1.1 -0.95 180) (size 1.06 0.65) (layers F.Cu F.Paste F.Mask)
      (net 15 "Net-(R8-Pad2)"))
    (pad 2 smd rect (at -1.1 0 180) (size 1.06 0.65) (layers F.Cu F.Paste F.Mask)
      (net 2 GND))
    (pad 3 smd rect (at -1.1 0.95 180) (size 1.06 0.65) (layers F.Cu F.Paste F.Mask)
      (net 13 "Net-(C7-Pad1)"))
    (pad 4 smd rect (at 1.1 0.95 180) (size 1.06 0.65) (layers F.Cu F.Paste F.Mask)
      (net 10 VBUS))
    (pad 5 smd rect (at 1.1 -0.95 180) (size 1.06 0.65) (layers F.Cu F.Paste F.Mask)
      (net 14 "Net-(R7-Pad1)"))
    (model ${KISYS3DMOD}/Package_TO_SOT_SMD.3dshapes/SOT-23-5.wrl
      (at (xyz 0 0 0))
      (scale (xyz 1 1 1))
      (rotate (xyz 0 0 0))
    )
  )

  (module Housings_LGA:LGA-12_2x2mm_Pitch0.5mm (layer F.Cu) (tedit 589B8A35) (tstamp 5E085F68)
    (at 50 37.5 270)
    (descr LGA12)
    (tags "lga land grid array")
    (path /5DFDB11C)
    (attr smd)
    (fp_text reference U2 (at 0 -2.25 180) (layer F.SilkS)
      (effects (font (size 1 1) (thickness 0.15)))
    )
    (fp_text value LSM303C (at 0 1.6 90) (layer F.Fab)
      (effects (font (size 1 1) (thickness 0.15)))
    )
    (fp_line (start 1 -1) (end 1 1) (layer F.Fab) (width 0.1))
    (fp_line (start 1 1) (end -1 1) (layer F.Fab) (width 0.1))
    (fp_line (start -1 1) (end -1 -0.5) (layer F.Fab) (width 0.1))
    (fp_line (start -1 -0.5) (end -0.5 -1) (layer F.Fab) (width 0.1))
    (fp_line (start -0.5 -1) (end 1 -1) (layer F.Fab) (width 0.1))
    (fp_line (start 0.6 -1.1) (end 1.1 -1.1) (layer F.SilkS) (width 0.12))
    (fp_line (start 1.1 -1.1) (end 1.1 -0.6) (layer F.SilkS) (width 0.12))
    (fp_line (start 1.1 -0.6) (end 1.1 -0.6) (layer F.SilkS) (width 0.12))
    (fp_line (start 1.1 0.6) (end 1.1 1.1) (layer F.SilkS) (width 0.12))
    (fp_line (start 1.1 1.1) (end 0.6 1.1) (layer F.SilkS) (width 0.12))
    (fp_line (start 0.6 1.1) (end 0.6 1.1) (layer F.SilkS) (width 0.12))
    (fp_line (start -0.6 1.1) (end -1.1 1.1) (layer F.SilkS) (width 0.12))
    (fp_line (start -1.1 1.1) (end -1.1 0.6) (layer F.SilkS) (width 0.12))
    (fp_line (start -1.1 0.6) (end -1.1 0.6) (layer F.SilkS) (width 0.12))
    (fp_line (start -0.6 -1.1) (end -1.1 -1.1) (layer F.SilkS) (width 0.12))
    (fp_line (start -1.1 -1.1) (end -1.1 -1.1) (layer F.SilkS) (width 0.12))
    (fp_line (start 1.25 -1.25) (end 1.25 1.25) (layer F.CrtYd) (width 0.05))
    (fp_line (start 1.25 1.25) (end -1.25 1.25) (layer F.CrtYd) (width 0.05))
    (fp_line (start -1.25 1.25) (end -1.25 -1.25) (layer F.CrtYd) (width 0.05))
    (fp_line (start -1.25 -1.25) (end 1.25 -1.25) (layer F.CrtYd) (width 0.05))
    (pad 2 smd rect (at -0.7625 -0.25 270) (size 0.375 0.35) (layers F.Cu F.Paste F.Mask)
      (net 4 +3V3))
    (pad 3 smd rect (at -0.7625 0.25 270) (size 0.375 0.35) (layers F.Cu F.Paste F.Mask)
      (net 4 +3V3))
    (pad 9 smd rect (at 0.7625 -0.25 270) (size 0.375 0.35) (layers F.Cu F.Paste F.Mask)
      (net 4 +3V3))
    (pad 8 smd rect (at 0.7625 0.25 270) (size 0.375 0.35) (layers F.Cu F.Paste F.Mask)
      (net 2 GND))
    (pad 4 smd rect (at -0.7625 0.75 270) (size 0.375 0.35) (layers F.Cu F.Paste F.Mask)
      (net 11 /SDA))
    (pad 7 smd rect (at 0.7625 0.75 270) (size 0.375 0.35) (layers F.Cu F.Paste F.Mask))
    (pad 1 smd rect (at -0.7625 -0.75 270) (size 0.375 0.35) (layers F.Cu F.Paste F.Mask)
      (net 12 /SCL))
    (pad 10 smd rect (at 0.7625 -0.75 270) (size 0.375 0.35) (layers F.Cu F.Paste F.Mask)
      (net 4 +3V3))
    (pad 5 smd rect (at -0.25 0.7625) (size 0.375 0.35) (layers F.Cu F.Paste F.Mask)
      (net 3 "Net-(C2-Pad1)"))
    (pad 6 smd rect (at 0.25 0.7625) (size 0.375 0.35) (layers F.Cu F.Paste F.Mask)
      (net 2 GND))
    (pad 11 smd rect (at 0.25 -0.7625) (size 0.375 0.35) (layers F.Cu F.Paste F.Mask))
    (pad 12 smd rect (at -0.25 -0.7625) (size 0.375 0.35) (layers F.Cu F.Paste F.Mask))
    (model ${KISYS3DMOD}/Housings_LGA.3dshapes/LGA-12_2x2mm_Pitch0.5mm.wrl
      (at (xyz 0 0 0))
      (scale (xyz 1 1 1))
      (rotate (xyz 0 0 0))
    )
  )

  (module Package_TO_SOT_SMD:SOT-23-5 (layer F.Cu) (tedit 5A02FF57) (tstamp 5E24E31A)
    (at 61.75 56 180)
    (descr "5-pin SOT23 package")
    (tags SOT-23-5)
    (path /5DFE0C60)
    (attr smd)
    (fp_text reference U4 (at 0 3 270) (layer F.SilkS)
      (effects (font (size 1 1) (thickness 0.15)))
    )
    (fp_text value MIC5504-3.3YM5 (at 0 2.9) (layer F.Fab)
      (effects (font (size 1 1) (thickness 0.15)))
    )
    (fp_line (start 0.9 -1.55) (end 0.9 1.55) (layer F.Fab) (width 0.1))
    (fp_line (start 0.9 1.55) (end -0.9 1.55) (layer F.Fab) (width 0.1))
    (fp_line (start -0.9 -0.9) (end -0.9 1.55) (layer F.Fab) (width 0.1))
    (fp_line (start 0.9 -1.55) (end -0.25 -1.55) (layer F.Fab) (width 0.1))
    (fp_line (start -0.9 -0.9) (end -0.25 -1.55) (layer F.Fab) (width 0.1))
    (fp_line (start -1.9 1.8) (end -1.9 -1.8) (layer F.CrtYd) (width 0.05))
    (fp_line (start 1.9 1.8) (end -1.9 1.8) (layer F.CrtYd) (width 0.05))
    (fp_line (start 1.9 -1.8) (end 1.9 1.8) (layer F.CrtYd) (width 0.05))
    (fp_line (start -1.9 -1.8) (end 1.9 -1.8) (layer F.CrtYd) (width 0.05))
    (fp_line (start 0.9 -1.61) (end -1.55 -1.61) (layer F.SilkS) (width 0.12))
    (fp_line (start -0.9 1.61) (end 0.9 1.61) (layer F.SilkS) (width 0.12))
    (fp_text user %R (at 0 0 90) (layer F.Fab)
      (effects (font (size 0.5 0.5) (thickness 0.075)))
    )
    (pad 5 smd rect (at 1.1 -0.95 180) (size 1.06 0.65) (layers F.Cu F.Paste F.Mask)
      (net 4 +3V3))
    (pad 4 smd rect (at 1.1 0.95 180) (size 1.06 0.65) (layers F.Cu F.Paste F.Mask))
    (pad 3 smd rect (at -1.1 0.95 180) (size 1.06 0.65) (layers F.Cu F.Paste F.Mask)
      (net 5 VCC))
    (pad 2 smd rect (at -1.1 0 180) (size 1.06 0.65) (layers F.Cu F.Paste F.Mask)
      (net 2 GND))
    (pad 1 smd rect (at -1.1 -0.95 180) (size 1.06 0.65) (layers F.Cu F.Paste F.Mask)
      (net 5 VCC))
